1	0.73788	0
2	0.8166	0.0556634
3	0.87692	0.0616664
4	0.82813	0.062645
5	0.860936	0.0580741
6	0.861507	0.0483979
7	0.876429	0.0437238
8	0.89169	0.040835
9	0.87208	0.0407351
10	0.87232	0.0366623
11	0.879938	0.0341117
12	0.889297	0.0325275
13	0.893538	0.0303007
14	0.888531	0.028547
15	0.895792	0.0275518
16	0.882727	0.0287609
17	0.88936	0.0278233
18	0.875273	0.0296298
19	0.878328	0.0282274
20	0.879686	0.0268486
1	0.51588	0
2	0.56232	0.032838
3	0.604867	0.0410618
4	0.53753	0.0659476
5	0.448928	0.0952033
6	0.421333	0.0832392
7	0.42296	0.0713638
8	0.413275	0.0630971
9	0.414333	0.0560952
10	0.402556	0.0517072
11	0.420378	0.0499837
12	0.439577	0.0493679
13	0.418388	0.0499109
14	0.412229	0.0467243
15	0.427173	0.0459373
16	0.42287	0.0432673
17	0.426894	0.0409089
18	0.42174	0.0389595
19	0.418333	0.0370577
20	0.418428	0.0352049
1	0.12972	0
2	0.19446	0.0457781
3	0.202987	0.0313028
4	0.22483	0.03015
5	0.211712	0.0268224
6	0.17676	0.038957
7	0.181531	0.0336826
8	0.182105	0.0294772
9	0.175022	0.0270395
10	0.175292	0.0243369
11	0.16564	0.0239621
12	0.16405	0.0220179
13	0.151265	0.023748
14	0.148757	0.0221837
15	0.155445	0.0216896
16	0.155533	0.0203342
17	0.155334	0.019139
18	0.154929	0.01808
19	0.153476	0.0171867
20	0.155124	0.0164062
1	0.04004	0
2	0.06334	0.0164756
3	0.07616	0.0151727
4	0.08154	0.0122964
5	0.087048	0.0110018
6	0.08944	0.00942461
7	0.0974171	0.0109454
8	0.101735	0.0103941
9	0.09856	0.009712
10	0.101336	0.00912892
11	0.100225	0.0083663
12	0.0988567	0.00778027
13	0.0968523	0.00743549
14	0.0930371	0.00782217
15	0.0976213	0.00853896
16	0.100248	0.00839942
17	0.0996871	0.00792401
18	0.0989933	0.00751409
19	0.0978526	0.00720468
20	0.099496	0.00702937
1	0.02232	0
2	0.062	0.028058
3	0.0612267	0.018716
4	0.06598	0.0146281
5	0.064528	0.0117744
6	0.0585533	0.0112259
7	0.0626971	0.0103588
8	0.066065	0.00959586
9	0.0650711	0.00858097
10	0.05888	0.00970256
11	0.0574509	0.00892513
12	0.0556433	0.00836241
13	0.0538031	0.00791905
14	0.0494286	0.00847596
15	0.053968	0.00904516
16	0.05524	0.00856881
17	0.0551176	0.00806564
18	0.0534933	0.00777938
19	0.0517705	0.0075583
20	0.05181	0.00718049
1	0.027	0
2	0.05076	0.0168009
3	0.0503733	0.011205
4	0.05268	0.00863793
5	0.057048	0.00793829
6	0.0538733	0.0072222
7	0.0560914	0.00652218
8	0.05681	0.00574635
9	0.0554	0.00527802
10	0.050596	0.00658295
11	0.0483782	0.00634711
12	0.0485633	0.00582088
13	0.0451046	0.00631767
14	0.0430171	0.0062017
15	0.0451067	0.00613016
16	0.0437175	0.00590233
17	0.0455647	0.00583703
18	0.0439644	0.00572791
19	0.0427263	0.00555865
20	0.04162	0.00538969
1	0.01676	0
2	0.0336	0.0119077
3	0.0361733	0.0082118
4	0.03376	0.00650381
5	0.039424	0.00726199
6	0.0382133	0.00615175
7	0.0394229	0.00539052
8	0.037345	0.00510148
9	0.0385111	0.00466602
10	0.036004	0.0048262
11	0.0339891	0.00478963
12	0.03459	0.00442802
13	0.0330923	0.00433329
14	0.0319029	0.00418384
15	0.0326293	0.00396748
16	0.0321075	0.00375368
17	0.0331812	0.00368323
18	0.0322756	0.00358821
19	0.0311326	0.00357675
20	0.030836	0.00341019
1	0.01116	0
2	0.02316	0.00848528
3	0.0262933	0.00620848
4	0.02289	0.00551078
5	0.027752	0.00619251
6	0.0260267	0.00539543
7	0.0279943	0.0049705
8	0.02621	0.00465845
9	0.0261333	0.00414147
10	0.02486	0.00391819
11	0.0237382	0.00371912
12	0.0243133	0.00345338
13	0.02284	0.00348789
14	0.02318	0.00325528
15	0.0237573	0.00308904
16	0.022535	0.00312848
17	0.0234188	0.00306675
18	0.0225533	0.00301603
19	0.0223895	0.00286174
20	0.02231	0.00271976
1	0.01568	0
2	0.0156	5.65685e-05
3	0.0189333	0.00272192
4	0.0169	0.00269598
5	0.022504	0.0054567
6	0.0229133	0.00456258
7	0.0225771	0.00392315
8	0.020495	0.0039468
9	0.0195956	0.0036093
10	0.018768	0.00334189
11	0.0190945	0.003054
12	0.0188033	0.00281335
13	0.0178031	0.00276905
14	0.0181971	0.00259915
15	0.018336	0.00242958
16	0.017305	0.00248688
17	0.0184376	0.00258569
18	0.0168733	0.00287658
19	0.0167263	0.00272893
20	0.01653	0.00259954
1	0.0188	0
2	0.0165	0.00162635
3	0.0189733	0.00229212
4	0.01601	0.0030889
5	0.019864	0.00424135
6	0.0204267	0.00357159
7	0.0205886	0.00306503
8	0.01747	0.00396262
9	0.0168356	0.00357276
10	0.015296	0.00353165
11	0.0164073	0.00338091
12	0.01651	0.00310073
13	0.0161477	0.0028833
14	0.0164771	0.00269611
15	0.0165467	0.00251726
16	0.015425	0.00259784
17	0.0164729	0.00264797
18	0.0146311	0.00307542
19	0.0141326	0.00295367
20	0.014078	0.00280649
1	0.01124	0
2	0.01452	0.00231931
3	0.0178533	0.0031302
4	0.01733	0.002391
5	0.020432	0.00336997
6	0.0193667	0.00297193
7	0.01952	0.00255132
8	0.017705	0.00280466
9	0.0171556	0.00254628
10	0.015836	0.00261128
11	0.0166691	0.00250326
12	0.01647	0.00230255
13	0.0157569	0.00223312
14	0.0159	0.00207819
15	0.0155333	0.00197173
16	0.0145275	0.00208935
17	0.0153671	0.00212846
18	0.0134378	0.00274887
19	0.0125411	0.00274656
20	0.012742	0.00261658
1	0.95676	0
2	0.96852	0.00831558
3	0.976373	0.0084764
4	0.95151	0.0224512
5	0.956528	0.0185132
6	0.94786	0.0173385
7	0.946343	0.0149278
8	0.95106	0.013787
9	0.952933	0.0123818
10	0.955048	0.0113227
11	0.939622	0.0179524
12	0.936283	0.0167639
13	0.941071	0.0161435
14	0.943097	0.015117
15	0.946275	0.0144393
16	0.929308	0.021287
17	0.932572	0.0202836
18	0.929444	0.0193963
19	0.932924	0.018685
20	0.933696	0.0177667
1	0.49312	0
2	0.33572	0.111299
3	0.35464	0.0757901
4	0.36253	0.0572518
5	0.343184	0.0489611
6	0.365427	0.045574
7	0.37768	0.0406774
8	0.401735	0.0421088
9	0.427231	0.0444841
10	0.39702	0.0492371
11	0.388924	0.0454218
12	0.380963	0.0423285
13	0.40516	0.0454653
14	0.390137	0.0446308
15	0.392541	0.0417201
16	0.392695	0.0391129
17	0.402165	0.0379412
18	0.406067	0.0360334
19	0.405099	0.0341499
20	0.39686	0.0334215
1	0.0982	0
2	0.09578	0.0017112
3	0.106133	0.00853009
4	0.10729	0.00647551
5	0.118576	0.0113462
6	0.12632	0.0118057
7	0.127331	0.0101624
8	0.13147	0.00969826
9	0.130644	0.00865574
10	0.132208	0.00793013
11	0.140295	0.0105556
12	0.155563	0.0175309
13	0.156754	0.0162227
14	0.154097	0.0152799
15	0.153773	0.0142647
16	0.15277	0.0134084
17	0.146271	0.0141072
18	0.13972	0.0147662
19	0.133893	0.0150952
20	0.134418	0.0143496
1	0.1152	0
2	0.143	0.0196576
3	0.122493	0.0212624
4	0.11088	0.0188535
5	0.134304	0.0258154
6	0.12554	0.0229523
7	0.115594	0.0217217
8	0.113385	0.0191185
9	0.108076	0.0177161
10	0.107032	0.0159752
11	0.103502	0.0149079
12	0.104383	0.0136916
13	0.10264	0.0127489
14	0.101297	0.0119088
15	0.0973547	0.0117493
16	0.09118	0.0125329
17	0.0896	0.0118949
18	0.0882444	0.011311
19	0.0873789	0.0107487
20	0.088344	0.0102545
1	0.04328	0
2	0.05404	0.00760847
3	0.0636	0.009309
4	0.05865	0.00819278
5	0.05752	0.0066317
6	0.0607067	0.00624529
7	0.0535829	0.00849438
8	0.053925	0.00743947
9	0.0546756	0.00665062
10	0.05198	0.00650894
11	0.0524945	0.00593752
12	0.0533033	0.00549754
13	0.0525723	0.00512302
14	0.0524143	0.00475953
15	0.0493147	0.00535729
16	0.0498425	0.00504839
17	0.0479976	0.00507734
18	0.0489556	0.00488479
19	0.0493642	0.00464476
20	0.0491	0.00442003
1	0.02912	0
2	0.02918	4.24264e-05
3	0.0308	0.00132303
4	0.03964	0.0077197
5	0.037328	0.00651278
6	0.0384067	0.00551592
7	0.04012	0.00498693
8	0.04011	0.00436358
9	0.0399644	0.00388116
10	0.039548	0.00351532
11	0.0407091	0.00338206
12	0.0427133	0.00364604
13	0.0401631	0.00416301
14	0.0391457	0.00398802
15	0.0389173	0.00372869
16	0.0392525	0.00351068
17	0.0401224	0.00341023
18	0.0406022	0.00325436
19	0.0413558	0.00316912
20	0.040992	0.00303147
1	0.04872	0
2	0.04872	0
3	0.0528133	0.00334219
4	0.03857	0.0125872
5	0.03124	0.012016
6	0.0357267	0.0108186
7	0.0364171	0.00929506
8	0.034165	0.00840159
9	0.0326844	0.00759741
10	0.031276	0.006967
11	0.0322	0.00639462
12	0.0297	0.00633159
13	0.0300338	0.00585334
14	0.0299829	0.00543547
15	0.028408	0.00529634
16	0.0289625	0.00499426
17	0.02872	0.00470636
18	0.0290267	0.00445488
19	0.029	0.00422049
20	0.027892	0.00415236
1	0.0476	0
2	0.02644	0.0149624
3	0.02552	0.0100032
4	0.0178	0.0100491
5	0.014088	0.00869788
6	0.0107267	0.00787098
7	0.0133371	0.00716639
8	0.01334	0.00627059
9	0.0133244	0.00557388
10	0.013744	0.00503226
11	0.0145455	0.00463816
12	0.01517	0.00429349
13	0.0157138	0.00399752
14	0.0156771	0.00371215
15	0.016312	0.00351854
16	0.0178	0.00359955
17	0.0185012	0.00345543
18	0.0186867	0.00326843
19	0.01804	0.00315973
20	0.01901	0.00314712
1	0.01232	0
2	0.02062	0.00586899
3	0.02128	0.00394959
4	0.0202	0.00310635
5	0.022144	0.00303297
6	0.0202733	0.0030503
7	0.0225886	0.00338088
8	0.02336	0.00304501
9	0.0231467	0.00271414
10	0.022868	0.00245699
11	0.0232255	0.00225948
12	0.0242233	0.00228092
13	0.0237662	0.0021508
14	0.0231457	0.00208474
15	0.021928	0.00227375
16	0.0218025	0.0021351
17	0.0230988	0.0023706
18	0.0226978	0.00227257
19	0.0217011	0.00236144
20	0.021732	0.00224357
1	0.01704	0
2	0.02044	0.00240416
3	0.0137333	0.00570571
4	0.01143	0.00472136
5	0.009664	0.00409407
6	0.00871333	0.00352037
7	0.012	0.00428533
8	0.011815	0.00375366
9	0.0116978	0.00333841
10	0.012012	0.00301932
11	0.0124764	0.00278032
12	0.0119767	0.00259314
13	0.0130338	0.00260025
14	0.0138343	0.00253473
15	0.0131547	0.00245517
16	0.0149525	0.00288585
17	0.0169176	0.0033184
18	0.0168333	0.00313512
19	0.01736	0.00301402
20	0.01798	0.0029264
1	0.017	0
2	0.01838	0.000975807
3	0.0200933	0.00154279
4	0.0188	0.0016104
5	0.018512	0.00131382
6	0.0163667	0.00224368
7	0.0170743	0.00203167
8	0.01568	0.00220484
9	0.0176089	0.00267362
10	0.019592	0.00305443
11	0.0191709	0.00280563
12	0.0181767	0.00274234
13	0.0183323	0.0025358
14	0.01824	0.00235635
15	0.0186027	0.002227
16	0.0180825	0.0021477
17	0.0183153	0.00203394
18	0.0177067	0.00200995
19	0.0186042	0.002095
20	0.018348	0.00200585
