-4.71316
-4.70998
-4.70667
-4.70307
-4.69798
-4.69128
-4.68283
-4.67301
-4.66344
-4.6539
-4.64394
-4.63371
-4.62681
-4.62066
-4.61718
-4.61727
-4.62258
-4.6318
-4.64395
-4.65802
-4.67165
-4.68552
-4.69734
-4.70478
-4.71189
-4.71563
-4.71673
-4.71669
-4.71492
-4.71267
-4.71013
-4.70801
-4.70675
-4.70559
-4.70466
-4.70368
-4.70224
-4.70055
-4.69897
-4.69812
-4.69541
-4.69372
-4.69041
-4.68793
-4.68633
-4.68514
-4.68569
-4.68617
-4.68722
-4.69001
-4.69388
-4.69724
-4.70071
-4.70407
-4.70737
-4.70969
-4.71121
-4.71143
-4.71144
-4.71011
-4.70717
-4.70499
-4.70329
-4.70188
-4.70019
-4.6994
-4.69846
-4.69821
-4.69884
-4.69956
-4.7009
-4.70185
-4.70446
-4.70605
-4.70727
-4.70799
-4.70778
-4.70667
-4.7067
-4.70506
-4.70409
-4.70343
-4.70356
-4.70291
-4.70318
-4.70258
-4.70277
-4.70245
-4.70201
-4.70096
-4.69964
-4.69825
-4.69659
-4.69495
-4.6944
-4.69588
-4.69586
-4.69587
-4.69642
-4.69749
-4.69826
-4.69939
-4.69998
-4.69994
-4.69902
-4.69845
-4.69842
-4.69669
-4.69573
-4.69454
-4.69305
-4.6926
-4.6903
-4.68826
-4.68615
-4.68546
-4.68421
-4.68454
-4.68498
-4.68773
-4.69078
-4.69352
-4.69727
-4.70001
-4.70207
-4.7032
-4.70352
-4.70297
-4.70211
-4.70253
-4.70348
-4.7038
-4.70496
-4.7058
-4.70694
-4.70803
-4.70848
-4.70869
-4.7081
-4.70615
-4.7058
-4.7052
-4.70449
-4.70532
-4.70503
-4.70422
-4.70245
-4.70166
-4.70086
-4.69974
-4.70028
-4.69903
-4.69931
-4.70187
-4.70271
-4.70558
-4.70882
-4.71251
-4.71568
-4.71703
-4.7173
-4.71774
-4.71616
-4.71301
-4.7101
-4.70652
-4.7037
-4.701
-4.69889
-4.69762
-4.69542
-4.69436
-4.69423
-4.69478
-4.69573
-4.69689
-4.69901
-4.70088
-4.7014
-4.70228
-4.70223
-4.70189
-4.70138
-4.70039
-4.70044
-4.69954
-4.69961
-4.69966
-4.69932
-4.6997
-4.7002
-4.70227
-4.70407
-4.70472
-4.70569
-4.70571
-4.70562
-4.7052
-4.70407
-4.70326
-4.70191
-4.70155
-4.70153
-4.70128
-4.70064
-4.70045
-4.70122
-4.70241
-4.70299
-4.70329
-4.70336
-4.7027
-4.70221
-4.70133
-4.70074
-4.69885
-4.69774
-4.69658
-4.69593
-4.69519
-4.69525
-4.69527
-4.69479
-4.69469
-4.6953
-4.69431
-4.69281
-4.69204
-4.69173
-4.69183
-4.6939
-4.69731
-4.70016
-4.70158
-4.70224
-4.70246
-4.70307
-4.70454
-4.706
-4.70739
-4.71008
-4.71368
-4.71601
-4.71732
-4.71769
-4.71581
-4.71376
-4.71082
-4.70712
-4.7041
-4.70106
-4.69817
-4.69624
-4.6945
-4.69357
-4.69393
-4.69489
-4.69645
-4.69845
-4.69911
-4.69978
-4.70118
-4.70229
-4.70403
-4.70491
-4.70588
-4.70623
-4.70653
-4.70683
-4.70582
-4.70541
-4.70512
-4.70521
-4.7058
-4.706
-4.70857
-4.71075
-4.71089
-4.71074
-4.71086
-4.70993
-4.7076
-4.70558
-4.70397
-4.70207
-4.70052
-4.69899
-4.69661
-4.69506
-4.69378
-4.6921
-4.69131
-4.69107
-4.69013
-4.69059
-4.69196
-4.69395
-4.69518
-4.69671
-4.69844
-4.70005
-4.70087
-4.70148
-4.70303
-4.70568
-4.70653
-4.70921
-4.71024
-4.71062
-4.70964
-4.70719
-4.70659
-4.70635
-4.70747
-4.70885
-4.71079
-4.71211
-4.71142
-4.71007
-4.70606
-4.70259
-4.70018
-4.69992
-4.69928
-4.70199
-4.70467
-4.7067
-4.70845
-4.7095
-4.71027
-4.70877
-4.70679
-4.70403
-4.70163
-4.69979
-4.69758
-4.69673
-4.69716
-4.69779
-4.69853
-4.69996
-4.70233
-4.70449
-4.70689
-4.70933
-4.71051
-4.71153
-4.71187
-4.71239
-4.71279
-4.71097
-4.70942
-4.70722
-4.70516
-4.70302
-4.70144
-4.70014
-4.69982
-4.70046
-4.70096
-4.70147
-4.70221
-4.70189
-4.70253
-4.70203
-4.70065
-4.69941
-4.69789
-4.69713
-4.69523
-4.69323
-4.69178
-4.69198
-4.69157
-4.69118
-4.69094
-4.69
-4.68952
-4.68764
-4.68631
-4.68584
-4.6869
-4.68875
-4.69208
-4.69581
-4.69991
-4.70406
-4.70663
-4.71008
-4.71229
-4.71338
-4.71442
-4.71459
-4.71428
-4.7111
-4.70875
-4.7065
-4.70361
-4.70119
-4.69945
-4.69833
-4.69747
-4.69744
-4.6971
-4.69641
-4.69586
-4.69532
-4.69446
-4.69362
-4.69389
-4.69408
-4.69459
-4.69635
-4.69844
-4.70044
-4.70351
-4.70502
-4.70626
-4.70649
-4.70611
-4.70485
-4.70377
-4.7024
-4.70171
-4.70062
-4.69968
-4.69966
-4.6984
-4.69737
-4.69605
-4.69455
-4.69349
-4.6931
-4.69446
-4.69756
-4.70205
-4.70648
-4.71034
-4.71161
-4.71167
-4.7097
-4.70843
-4.70593
-4.70453
-4.70388
-4.70269
-4.70211
-4.70192
-4.70032
-4.69982
-4.69735
-4.6964
-4.69461
-4.69425
-4.69292
-4.69265
-4.69352
-4.69369
-4.69382
-4.6949
-4.69609
-4.69794
-4.69987
-4.70151
-4.70328
-4.70533
-4.70653
-4.7066
-4.70725
-4.70654
-4.70616
-4.70594
-4.70499
-4.70404
-4.70343
-4.70196
-4.70033
-4.69828
-4.69605
-4.69365
-4.69187
-4.69012
-4.69021
-4.68998
-4.69138
-4.69313
-4.69445
-4.69529
-4.69606
-4.6977
-4.70036
-4.70268
-4.7054
-4.70775
-4.70939
-4.71002
-4.70975
-4.70774
-4.70665
-4.70472
-3.89365
-3.88028
-3.86737
-3.85401
-3.84526
-3.837
-3.83114
-3.82808
-3.82786
-3.83128
-3.83897
-3.85005
-3.86602
-3.88328
-3.89938
-3.91387
-3.92492
-3.92963
-3.92889
-3.92075
-3.90945
-3.89606
-3.8834
-3.87429
-3.86843
-3.86716
-3.8698
-3.8731
-3.87545
-3.87727
-3.8766
-3.8748
-3.8723
-3.86956
-3.86671
-3.86431
-3.86243
-3.86267
-3.86412
-3.86792
-3.87211
-3.87801
-3.88446
-3.89124
-3.89608
-3.90021
-3.90149
-3.89903
-3.89721
-3.89352
-3.88955
-3.88618
-3.88253
-3.87944
-3.87593
-3.87316
-3.86975
-3.86789
-3.86455
-3.8632
-3.86329
-3.86703
-3.8739
-3.88347
-3.89405
-3.90275
-3.90813
-3.90944
-3.90792
-3.90465
-3.89998
-3.89597
-3.89043
-3.88535
-3.87813
-3.87163
-3.86499
-3.86067
-3.85894
-3.86056
-3.86555
-3.87271
-3.87949
-3.88652
-3.89305
-3.89834
-3.90241
-3.90547
-3.90808
-3.90967
-3.90987
-3.90828
-3.90278
-3.89407
-3.88535
-3.87672
-3.86896
-3.86294
-3.86027
-3.86028
-3.86341
-3.86785
-3.87338
-3.87924
-3.88519
-3.8876
-3.88864
-3.88809
-3.88741
-3.88397
-3.88158
-3.87824
-3.87509
-3.87373
-3.87349
-3.87533
-3.87862
-3.88314
-3.88874
-3.89473
-3.89803
-3.89926
-3.89865
-3.89579
-3.89473
-3.89126
-3.8889
-3.88725
-3.88777
-3.88902
-3.89016
-3.89078
-3.89097
-3.88984
-3.89046
-3.89006
-3.88983
-3.88957
-3.88985
-3.89022
-3.89089
-3.89229
-3.89416
-3.89561
-3.89497
-3.89289
-3.8878
-3.88274
-3.87784
-3.87495
-3.8741
-3.87476
-3.87719
-3.87902
-3.88096
-3.88325
-3.88407
-3.88371
-3.88254
-3.88073
-3.87838
-3.8757
-3.87529
-3.87593
-3.87618
-3.87655
-3.87679
-3.87714
-3.87611
-3.87719
-3.87892
-3.88137
-3.88545
-3.88854
-3.88996
-3.89134
-3.89136
-3.89063
-3.88956
-3.88928
-3.88824
-3.88848
-3.8874
-3.8863
-3.88541
-3.88542
-3.8857
-3.88739
-3.88855
-3.88784
-3.88704
-3.88412
-3.88217
-3.88013
-3.87697
-3.87396
-3.87084
-3.86738
-3.86625
-3.86654
-3.86663
-3.8681
-3.86928
-3.87104
-3.87458
-3.88089
-3.8884
-3.8968
-3.9047
-3.91
-3.91315
-3.91396
-3.91323
-3.91041
-3.90473
-3.89722
-3.88849
-3.88098
-3.87453
-3.86861
-3.8664
-3.86419
-3.86316
-3.86162
-3.86303
-3.86677
-3.87202
-3.87771
-3.88501
-3.89235
-3.8977
-3.89968
-3.89983
-3.89916
-3.89745
-3.89726
-3.89633
-3.89507
-3.89342
-3.89039
-3.88609
-3.88109
-3.87652
-3.87457
-3.87264
-3.87193
-3.8712
-3.87128
-3.87207
-3.8743
-3.87753
-3.88176
-3.88613
-3.89015
-3.89209
-3.8945
-3.89535
-3.89641
-3.89694
-3.89858
-3.89912
-3.89913
-3.89783
-3.89446
-3.88951
-3.88134
-3.87214
-3.86384
-3.85684
-3.85361
-3.85386
-3.85882
-3.86818
-3.87771
-3.88747
-3.89517
-3.89921
-3.90085
-3.89847
-3.89522
-3.89262
-3.89168
-3.8908
-3.89195
-3.89432
-3.89799
-3.89901
-3.89761
-3.89447
-3.88978
-3.88471
-3.88058
-3.87836
-3.87624
-3.8764
-3.87715
-3.87807
-3.87798
-3.87823
-3.88054
-3.88138
-3.88096
-3.88076
-3.88028
-3.88134
-3.88349
-3.88795
-3.89356
-3.89792
-3.89963
-3.89874
-3.89584
-3.89251
-3.88778
-3.88258
-3.87793
-3.87348
-3.86934
-3.86594
-3.86442
-3.86371
-3.86737
-3.87524
-3.88295
-3.88957
-3.89412
-3.89485
-3.89345
-3.8909
-3.88673
-3.88415
-3.88311
-3.88316
-3.88355
-3.88411
-3.88554
-3.88616
-3.88543
-3.88488
-3.88326
-3.88268
-3.88414
-3.88751
-3.89346
-3.89935
-3.90183
-3.90205
-3.89952
-3.89644
-3.8924
-3.88961
-3.88614
-3.88414
-3.88238
-3.88092
-3.88158
-3.88197
-3.88237
-3.88258
-3.88144
-3.87926
-3.87695
-3.87504
-3.87408
-3.8738
-3.87471
-3.87505
-3.87518
-3.87498
-3.87463
-3.87443
-3.87502
-3.87685
-3.87966
-3.88363
-3.88695
-3.88899
-3.89025
-3.88738
-3.88335
-3.87998
-3.87756
-3.87663
-3.8785
-3.88077
-3.88415
-3.88702
-3.88916
-3.89113
-3.89229
-3.89222
-3.89222
-3.89091
-3.88935
-3.88496
-3.88075
-3.87595
-3.87148
-3.86902
-3.86862
-3.87065
-3.8741
-3.8792
-3.88475
-3.88922
-3.89336
-3.89383
-3.89223
-3.88905
-3.88352
-3.87829
-3.87471
-3.87241
-3.87187
-3.87236
-3.87454
-3.87923
-3.88509
-3.88906
-3.89151
-3.89207
-3.89124
-3.89006
-3.88868
-3.88882
-3.89088
-3.89281
-3.89312
-3.89393
-3.89336
-3.89154
-3.88916
-3.88792
-3.88397
-3.88119
-3.88119
-3.8842
-3.88974
-3.89488
-3.8958
-3.89175
-3.88414
-3.87854
-3.8739
-3.87221
-3.87319
-3.87509
-3.87774
-3.88008
-3.88144
-3.88295
-3.88289
-3.8845
-3.88526
-3.88631
-3.88804
-3.89144
-3.89454
-3.89591
-3.89494
-3.89133
-3.88696
-3.8838
-3.87971
-3.87853
-3.87724
-3.87731
-3.8773
-3.87873
-3.88061
-3.88241
-3.88579
-3.88916
-3.89329
-3.89744
-3.89739
-3.89664
-3.89186
-3.88627
-3.87983
-3.87408
-3.8681
-3.86595
-3.86568
-3.86672
-3.86757
-3.8685
-3.87016
-3.87278
-3.87558
-3.87933
-3.88427
-3.89022
-3.89739
-3.90272
-3.90615
-3.90843
-3.90735
-3.90509
-3.90209
-3.59548
-3.58719
-3.57602
-3.56361
-3.55095
-3.53931
-3.52832
-3.51971
-3.51569
-3.51799
-3.52612
-3.53945
-3.55643
-3.57307
-3.58575
-3.59424
-3.59707
-3.59474
-3.58991
-3.58598
-3.58211
-3.58069
-3.57993
-3.57939
-3.57844
-3.57723
-3.57458
-3.571
-3.56786
-3.56546
-3.56336
-3.56254
-3.55825
-3.55215
-3.54567
-3.54095
-3.54072
-3.54509
-3.54959
-3.55396
-3.55666
-3.55975
-3.56279
-3.5699
-3.57578
-3.58053
-3.58114
-3.57881
-3.57272
-3.56473
-3.55605
-3.54918
-3.54301
-3.54084
-3.54268
-3.5466
-3.55155
-3.55688
-3.5633
-3.57158
-3.57909
-3.586
-3.58625
-3.58169
-3.57644
-3.57229
-3.57105
-3.56977
-3.56786
-3.56547
-3.56581
-3.56553
-3.5664
-3.56694
-3.56824
-3.56725
-3.56562
-3.56278
-3.56006
-3.55844
-3.55983
-3.56422
-3.56803
-3.57134
-3.57406
-3.57389
-3.57232
-3.5682
-3.56423
-3.56114
-3.55911
-3.55858
-3.55888
-3.55977
-3.56259
-3.56416
-3.5671
-3.56953
-3.57168
-3.57246
-3.57452
-3.57683
-3.57875
-3.57856
-3.57976
-3.58031
-3.5787
-3.57607
-3.57181
-3.56737
-3.56452
-3.56158
-3.56059
-3.56042
-3.56099
-3.56249
-3.56572
-3.56895
-3.57257
-3.57509
-3.5755
-3.57703
-3.57835
-3.58168
-3.5845
-3.58549
-3.58311
-3.57838
-3.57223
-3.56718
-3.56831
-3.57491
-3.57915
-3.57632
-3.56491
-3.55132
-3.53955
-3.53417
-3.53633
-3.54657
-3.56084
-3.57306
-3.58025
-3.58172
-3.57707
-3.57115
-3.56412
-3.55937
-3.55736
-3.55638
-3.55753
-3.55743
-3.55712
-3.55596
-3.55445
-3.55405
-3.55574
-3.55722
-3.55853
-3.55955
-3.55928
-3.56035
-3.56387
-3.56967
-3.57579
-3.5816
-3.58603
-3.58841
-3.58736
-3.58473
-3.58021
-3.57335
-3.56629
-3.55812
-3.55187
-3.54705
-3.54558
-3.54845
-3.55392
-3.56154
-3.57161
-3.58171
-3.58925
-3.59332
-3.5947
-3.59311
-3.59034
-3.58757
-3.58525
-3.58317
-3.57968
-3.57749
-3.57204
-3.56515
-3.55775
-3.55253
-3.54971
-3.55313
-3.56164
-3.57418
-3.58757
-3.59838
-3.60552
-3.60745
-3.60707
-3.60334
-3.59787
-3.59043
-3.5835
-3.57572
-3.56802
-3.55992
-3.55282
-3.5474
-3.54742
-3.55139
-3.55639
-3.5614
-3.56591
-3.56714
-3.56229
-3.55628
-3.54909
-3.54353
-3.53986
-3.54059
-3.547
-3.55799
-3.57033
-3.58309
-3.59153
-3.59557
-3.59711
-3.59526
-3.59203
-3.58578
-3.57734
-3.56833
-3.56104
-3.55585
-3.55581
-3.55722
-3.56034
-3.56311
-3.5656
-3.56649
-3.5689
-3.57217
-3.57476
-3.57912
-3.58276
-3.58494
-3.58572
-3.58325
-3.58028
-3.57469
-3.57276
-3.57615
-3.58221
-3.584
-3.58194
-3.57506
-3.569
-3.56585
-3.5675
-3.57097
-3.57279
-3.57048
-3.56456
-3.55689
-3.54894
-3.54465
-3.5444
-3.54798
-3.557
-3.56817
-3.57714
-3.5826
-3.58297
-3.57877
-3.57238
-3.56465
-3.55768
-3.55086
-3.54867
-3.54808
-3.55038
-3.55454
-3.56071
-3.56541
-3.56996
-3.57526
-3.57911
-3.58006
-3.57886
-3.57459
-3.56803
-3.56001
-3.55109
-3.54377
-3.53914
-3.53866
-3.54587
-3.55822
-3.57027
-3.57874
-3.58204
-3.58416
-3.58627
-3.58903
-3.58945
-3.58952
-3.58633
-3.58153
-3.57665
-3.57239
-3.56745
-3.56357
-3.56062
-3.5594
-3.56056
-3.56541
-3.57192
-3.57691
-3.57861
-3.57682
-3.57306
-3.56945
-3.56706
-3.56554
-3.56548
-3.56391
-3.5606
-3.55634
-3.55147
-3.54848
-3.54859
-3.5534
-3.56222
-3.57084
-3.57776
-3.58181
-3.58493
-3.58519
-3.58691
-3.58891
-3.58986
-3.58858
-3.58733
-3.5836
-3.57911
-3.57298
-3.56789
-3.56406
-3.56118
-3.55972
-3.55989
-3.56018
-3.55968
-3.55875
-3.5585
-3.5593
-3.56063
-3.56373
-3.56779
-3.57098
-3.57279
-3.57328
-3.57326
-3.57329
-3.57642
-3.58086
-3.58222
-3.58212
-3.58052
-3.57812
-3.57709
-3.57634
-3.57735
-3.57782
-3.57953
-3.57982
-3.57919
-3.57927
-3.57857
-3.57767
-3.57862
-3.57785
-3.57747
-3.57797
-3.57662
-3.57291
-3.56869
-3.56433
-3.55951
-3.5583
-3.55953
-3.56344
-3.56752
-3.56975
-3.56961
-3.56538
-3.56267
-3.56263
-3.56589
-3.57056
-3.57291
-3.57221
-3.5665
-3.55884
-3.54972
-3.54151
-3.53527
-3.53192
-3.53294
-3.53741
-3.54436
-3.55248
-3.56008
-3.56818
-3.57313
-3.57675
-3.57985
-3.58381
-3.58927
-3.59725
-3.60536
-3.61009
-3.61131
-3.60673
-3.59876
-3.58703
-3.57477
-3.56173
-3.55075
-3.54382
-3.54164
-3.54624
-3.5597
-3.5782
-3.59206
-3.5965
-3.59391
-3.58659
-3.57812
-3.57318
-3.56747
-3.56395
-3.56212
-3.561
-3.5595
-3.55944
-3.56043
-3.56171
-3.56336
-3.564
-3.56458
-3.56325
-3.56167
-3.56011
-3.5574
-3.55601
-3.556
-3.55591
-3.55918
-3.56251
-3.56717
-3.57299
-3.5778
-3.58193
-3.58576
-3.58746
-3.58754
-3.58562
-3.58088
-3.57514
-3.56896
-3.56282
-3.55836
-3.55638
-3.55762
-3.56194
-3.56942
-3.57614
-3.58058
-3.5809
-3.58029
-3.57795
-3.57295
-3.56921
-3.56576
-3.56223
-3.55895
-3.55741
-3.55577
-3.55723
-3.56143
-3.56746
-3.57384
-3.57821
-3.52264
-3.51897
-3.51276
-3.50421
-3.49509
-3.48657
-3.47877
-3.47366
-3.47106
-3.47086
-3.47137
-3.47115
-3.47361
-3.47899
-3.48547
-3.49173
-3.49468
-3.49441
-3.49525
-3.4946
-3.49542
-3.49358
-3.49056
-3.48419
-3.47791
-3.47353
-3.47173
-3.4719
-3.47495
-3.4807
-3.48712
-3.49338
-3.49736
-3.49866
-3.49866
-3.49731
-3.49579
-3.49455
-3.49559
-3.49527
-3.49746
-3.49726
-3.49574
-3.49143
-3.48432
-3.4765
-3.46967
-3.46459
-3.46367
-3.46548
-3.47131
-3.47968
-3.4888
-3.49623
-3.49982
-3.50058
-3.49802
-3.49241
-3.48513
-3.47878
-3.47476
-3.47227
-3.47375
-3.47797
-3.48583
-3.49554
-3.50458
-3.51037
-3.5089
-3.50505
-3.49812
-3.49219
-3.48851
-3.48691
-3.48543
-3.48382
-3.481
-3.47683
-3.47275
-3.46962
-3.46881
-3.47199
-3.47776
-3.48458
-3.49273
-3.4984
-3.50073
-3.50222
-3.50083
-3.49866
-3.49752
-3.496
-3.49367
-3.49133
-3.48928
-3.48992
-3.49184
-3.4924
-3.49318
-3.49141
-3.48798
-3.48337
-3.47983
-3.47693
-3.47819
-3.484
-3.4905
-3.49595
-3.4981
-3.49857
-3.49588
-3.49364
-3.49013
-3.48809
-3.48555
-3.48334
-3.47986
-3.47852
-3.48001
-3.48349
-3.48874
-3.49292
-3.49487
-3.49231
-3.4857
-3.47905
-3.47328
-3.4699
-3.47082
-3.47473
-3.48186
-3.48967
-3.49811
-3.50603
-3.51207
-3.51365
-3.5109
-3.50489
-3.49616
-3.48495
-3.47518
-3.46847
-3.46723
-3.47009
-3.47566
-3.4813
-3.48591
-3.48812
-3.49031
-3.49024
-3.48802
-3.48615
-3.48435
-3.4842
-3.4852
-3.48622
-3.4876
-3.49115
-3.49664
-3.50093
-3.50257
-3.50019
-3.4942
-3.48899
-3.48392
-3.47983
-3.47605
-3.47354
-3.47303
-3.47418
-3.47723
-3.48325
-3.48909
-3.49365
-3.49717
-3.49913
-3.49958
-3.49833
-3.49794
-3.49726
-3.49675
-3.49389
-3.49092
-3.48588
-3.47951
-3.4736
-3.4695
-3.46839
-3.46867
-3.47128
-3.47804
-3.48433
-3.48995
-3.49451
-3.4965
-3.49616
-3.49297
-3.49012
-3.48667
-3.48374
-3.48129
-3.47869
-3.47687
-3.47642
-3.47518
-3.47484
-3.47479
-3.4786
-3.48423
-3.49096
-3.49825
-3.50138
-3.50297
-3.50243
-3.49948
-3.49689
-3.49364
-3.4906
-3.48887
-3.48781
-3.48687
-3.48399
-3.48075
-3.4767
-3.47388
-3.47546
-3.48117
-3.4888
-3.49737
-3.5027
-3.50395
-3.49981
-3.4943
-3.48676
-3.48046
-3.47639
-3.47469
-3.47496
-3.47726
-3.48171
-3.48776
-3.49315
-3.49639
-3.49738
-3.49406
-3.48905
-3.4831
-3.47704
-3.47308
-3.47228
-3.4727
-3.47584
-3.4816
-3.48974
-3.49781
-3.50416
-3.50791
-3.50791
-3.50369
-3.49712
-3.49014
-3.48614
-3.48509
-3.48767
-3.4934
-3.49903
-3.50496
-3.50915
-3.51016
-3.50817
-3.50414
-3.49812
-3.49135
-3.48335
-3.47821
-3.47518
-3.47637
-3.48009
-3.48493
-3.48957
-3.49371
-3.49669
-3.49819
-3.49771
-3.49678
-3.49648
-3.49692
-3.49762
-3.49824
-3.4971
-3.4956
-3.49259
-3.49059
-3.48803
-3.48515
-3.48177
-3.47755
-3.47199
-3.46777
-3.46314
-3.45992
-3.46084
-3.46901
-3.48076
-3.49249
-3.50024
-3.50286
-3.5015
-3.49874
-3.49568
-3.49363
-3.49224
-3.49125
-3.49151
-3.49194
-3.49345
-3.49461
-3.49433
-3.49082
-3.48639
-3.48182
-3.48088
-3.48443
-3.49334
-3.50328
-3.50902
-3.51044
-3.50677
-3.5011
-3.49442
-3.48586
-3.47681
-3.46985
-3.46465
-3.46446
-3.46847
-3.47634
-3.48626
-3.4973
-3.5078
-3.51609
-3.51864
-3.51848
-3.51518
-3.50722
-3.49824
-3.49173
-3.48941
-3.49023
-3.49311
-3.49811
-3.50108
-3.50057
-3.4968
-3.49053
-3.48432
-3.47976
-3.48031
-3.4828
-3.48866
-3.49506
-3.49948
-3.50144
-3.50077
-3.49992
-3.49842
-3.49401
-3.49
-3.48756
-3.48452
-3.48118
-3.47952
-3.47994
-3.48193
-3.48528
-3.49087
-3.49807
-3.5052
-3.50815
-3.50703
-3.5018
-3.49418
-3.48447
-3.47572
-3.46943
-3.46771
-3.47009
-3.47389
-3.48084
-3.49126
-3.50349
-3.51791
-3.53047
-3.53901
-3.5403
-3.53699
-3.53023
-3.52046
-3.51066
-3.50006
-3.48844
-3.47631
-3.46264
-3.45177
-3.4439
-3.44204
-3.44886
-3.46303
-3.48118
-3.50059
-3.51639
-3.52488
-3.52737
-3.52441
-3.51708
-3.50806
-3.49851
-3.48867
-3.48179
-3.47715
-3.47525
-3.47526
-3.47654
-3.47719
-3.47815
-3.4785
-3.48031
-3.48341
-3.48952
-3.49392
-3.49671
-3.49729
-3.49792
-3.49696
-3.497
-3.49742
-3.49693
-3.49911
-3.50169
-3.50333
-3.50307
-3.50177
-3.50079
-3.49916
-3.49837
-3.49669
-3.49513
-3.49428
-3.49264
-3.4919
-3.48985
-3.48922
-3.48752
-3.48649
-3.48354
-3.47994
-3.47606
-3.47196
-3.469
-3.46689
-3.46524
-3.46757
-3.47512
-3.48761
-3.49804
-3.50495
-3.50586
-3.50529
-3.50493
-3.50523
-3.50396
-3.504
-3.50483
-3.50413
-3.50188
-3.49846
-3.49398
-3.48886
-3.48382
-3.48064
-3.4797
-3.48038
-3.48309
-3.48591
-3.48767
-3.48569
-3.47996
-3.47274
-3.46529
-3.46038
-3.46087
-3.46995
-3.48274
-3.49525
-3.50419
-3.50756
-3.50614
-3.50281
-3.50009
-3.49841
-3.38836
-3.38852
-3.38702
-3.38392
-3.3822
-3.38045
-3.3778
-3.37539
-3.36963
-3.36035
-3.34759
-3.33252
-3.31913
-3.31228
-3.31136
-3.31874
-3.33257
-3.35247
-3.37345
-3.38592
-3.38597
-3.38101
-3.37498
-3.36834
-3.36332
-3.36051
-3.35715
-3.35336
-3.35238
-3.35509
-3.35958
-3.36564
-3.37059
-3.37438
-3.37449
-3.37152
-3.36497
-3.35946
-3.35222
-3.34819
-3.34495
-3.34275
-3.34273
-3.34754
-3.3564
-3.36655
-3.37283
-3.3729
-3.3682
-3.35953
-3.3512
-3.34485
-3.34182
-3.34173
-3.34273
-3.3429
-3.34281
-3.34202
-3.34112
-3.34158
-3.34268
-3.34532
-3.35008
-3.35392
-3.35713
-3.36132
-3.3668
-3.37163
-3.3752
-3.37671
-3.37451
-3.37104
-3.3657
-3.3588
-3.35247
-3.34953
-3.35013
-3.35412
-3.36109
-3.36981
-3.37732
-3.38115
-3.37985
-3.37305
-3.362
-3.34766
-3.33219
-3.32158
-3.31966
-3.32992
-3.34813
-3.36857
-3.38399
-3.39078
-3.39105
-3.38373
-3.37339
-3.35863
-3.34369
-3.32983
-3.31759
-3.31095
-3.30878
-3.3117
-3.31874
-3.328
-3.33573
-3.3424
-3.34776
-3.35235
-3.35648
-3.36207
-3.36814
-3.37197
-3.37279
-3.37375
-3.37119
-3.36879
-3.36492
-3.36091
-3.35639
-3.35196
-3.34776
-3.34402
-3.34238
-3.34421
-3.34852
-3.35377
-3.3594
-3.36396
-3.36619
-3.36564
-3.36421
-3.36243
-3.35945
-3.35645
-3.35235
-3.34689
-3.33986
-3.33407
-3.32909
-3.32939
-3.33495
-3.34339
-3.35589
-3.36829
-3.37629
-3.38046
-3.37952
-3.37803
-3.37375
-3.36764
-3.3621
-3.35486
-3.34683
-3.34086
-3.33658
-3.33459
-3.33548
-3.33777
-3.33941
-3.3403
-3.34042
-3.34064
-3.34157
-3.34392
-3.34916
-3.35809
-3.36599
-3.37192
-3.37413
-3.37019
-3.3653
-3.3592
-3.3556
-3.35194
-3.34664
-3.34102
-3.33499
-3.3309
-3.33122
-3.3341
-3.33925
-3.34493
-3.34882
-3.35085
-3.35171
-3.35389
-3.35857
-3.36329
-3.36695
-3.37044
-3.37128
-3.37011
-3.36852
-3.36756
-3.3672
-3.36794
-3.37032
-3.37323
-3.37521
-3.37689
-3.37694
-3.37488
-3.37026
-3.36438
-3.3565
-3.34826
-3.34105
-3.33563
-3.33336
-3.33605
-3.34147
-3.3474
-3.35208
-3.35506
-3.35704
-3.35895
-3.36222
-3.36356
-3.36287
-3.36135
-3.3622
-3.36464
-3.368
-3.37098
-3.37166
-3.36944
-3.36756
-3.36594
-3.36654
-3.36649
-3.36575
-3.36167
-3.357
-3.35161
-3.34679
-3.34311
-3.34
-3.3383
-3.33676
-3.33769
-3.33713
-3.33755
-3.33793
-3.33856
-3.33992
-3.3419
-3.34385
-3.3471
-3.35119
-3.35864
-3.36803
-3.37331
-3.3755
-3.37206
-3.36529
-3.35827
-3.35116
-3.34413
-3.33883
-3.33471
-3.33118
-3.33049
-3.33309
-3.33846
-3.34998
-3.36318
-3.37394
-3.38005
-3.38053
-3.37682
-3.37162
-3.36551
-3.36132
-3.35821
-3.35722
-3.3584
-3.36042
-3.3622
-3.36192
-3.36008
-3.35703
-3.35265
-3.34759
-3.34403
-3.34237
-3.34205
-3.34333
-3.34509
-3.34604
-3.34579
-3.34457
-3.34383
-3.34284
-3.34425
-3.34778
-3.35072
-3.35367
-3.3532
-3.35011
-3.3476
-3.34646
-3.34717
-3.34955
-3.35493
-3.35915
-3.3633
-3.36466
-3.36476
-3.3613
-3.35529
-3.34826
-3.34316
-3.34031
-3.3427
-3.34983
-3.35928
-3.36638
-3.37091
-3.37062
-3.36775
-3.3657
-3.36789
-3.37469
-3.38025
-3.37797
-3.36801
-3.35414
-3.34083
-3.33354
-3.33422
-3.34434
-3.36025
-3.37593
-3.38364
-3.38155
-3.37354
-3.36164
-3.34973
-3.34185
-3.3401
-3.34456
-3.35498
-3.36625
-3.3772
-3.38429
-3.38669
-3.38349
-3.37596
-3.36753
-3.35886
-3.35309
-3.34992
-3.34896
-3.34836
-3.34849
-3.34692
-3.34382
-3.3385
-3.33345
-3.32894
-3.33099
-3.33736
-3.35095
-3.36903
-3.38424
-3.39077
-3.38828
-3.37833
-3.36718
-3.35675
-3.35029
-3.34753
-3.34876
-3.35089
-3.35294
-3.35453
-3.35561
-3.35629
-3.35667
-3.35698
-3.35623
-3.35505
-3.35335
-3.34814
-3.34198
-3.33581
-3.33279
-3.33582
-3.34317
-3.3527
-3.35972
-3.36594
-3.36752
-3.36573
-3.36189
-3.35737
-3.35315
-3.34825
-3.34671
-3.34574
-3.34605
-3.34589
-3.34647
-3.34555
-3.34503
-3.34838
-3.35393
-3.35986
-3.36457
-3.36774
-3.36836
-3.36776
-3.36745
-3.36755
-3.36644
-3.3651
-3.36215
-3.35725
-3.35152
-3.3462
-3.34136
-3.33825
-3.33867
-3.34099
-3.34602
-3.35258
-3.35989
-3.36583
-3.37024
-3.37339
-3.37362
-3.37173
-3.36836
-3.3621
-3.35641
-3.35026
-3.34716
-3.34655
-3.34938
-3.35529
-3.36062
-3.36491
-3.3662
-3.36651
-3.36485
-3.35994
-3.35634
-3.35553
-3.35738
-3.36221
-3.36615
-3.36848
-3.3718
-3.37847
-3.38546
-3.38876
-3.38254
-3.37147
-3.35714
-3.34444
-3.33671
-3.33473
-3.33915
-3.34531
-3.34968
-3.34965
-3.34314
-3.33414
-3.32501
-3.31934
-3.32154
-3.33434
-3.35366
-3.3694
-3.37796
-3.37868
-3.37312
-3.36714
-3.36172
-3.35779
-3.35628
-3.35389
-3.35293
-3.35325
-3.35499
-3.35799
-3.36051
-3.36443
-3.36746
-3.3699
-3.36843
-3.36401
-3.35799
-3.34858
-3.34109
-3.33285
-3.32689
-3.32437
