-6.36316
-6.3584
-6.35031
-6.3386
-6.32176
-6.29923
-6.2703
-6.23466
-6.19314
-6.14472
-6.08824
-6.02346
-5.95406
-5.87828
-5.79976
-5.72215
-5.65068
-5.58808
-5.53718
-5.50001
-5.47587
-5.46569
-5.46614
-5.47298
-5.48782
-5.50505
-5.52295
-5.54087
-5.55649
-5.56984
-5.58034
-5.58842
-5.59467
-5.59875
-5.60133
-5.60266
-5.60271
-5.60182
-5.60023
-5.59821
-5.59269
-5.58604
-5.57534
-5.56291
-5.54907
-5.53394
-5.51971
-5.50557
-5.49313
-5.48443
-5.47948
-5.47713
-5.47826
-5.48258
-5.48986
-5.49865
-5.50847
-5.51801
-5.5275
-5.535
-5.53954
-5.54293
-5.54463
-5.54448
-5.54222
-5.53952
-5.53592
-5.53284
-5.53103
-5.53011
-5.531
-5.53301
-5.53838
-5.54442
-5.55149
-5.55894
-5.56569
-5.57116
-5.57694
-5.58004
-5.58279
-5.58507
-5.58765
-5.5893
-5.592
-5.5941
-5.59729
-5.60015
-5.60286
-5.60465
-5.60556
-5.60552
-5.60411
-5.60152
-5.59885
-5.59724
-5.59353
-5.5897
-5.58674
-5.58502
-5.58392
-5.58408
-5.58434
-5.58424
-5.58303
-5.58154
-5.57971
-5.57525
-5.57075
-5.56536
-5.55906
-5.55305
-5.54411
-5.53401
-5.52227
-5.51045
-5.49698
-5.48464
-5.47279
-5.46449
-5.45852
-5.45486
-5.45509
-5.45713
-5.46087
-5.46539
-5.47004
-5.47412
-5.47779
-5.48249
-5.48756
-5.49206
-5.49774
-5.50367
-5.51058
-5.51813
-5.52549
-5.53274
-5.53893
-5.54316
-5.54825
-5.55246
-5.55613
-5.5611
-5.56471
-5.56734
-5.56817
-5.56881
-5.56805
-5.56558
-5.56351
-5.55871
-5.55498
-5.55371
-5.55168
-5.55347
-5.55825
-5.56674
-5.57824
-5.59121
-5.60556
-5.62133
-5.63483
-5.64513
-5.65292
-5.65668
-5.65764
-5.65532
-5.65062
-5.64441
-5.63557
-5.62692
-5.61894
-5.61199
-5.60632
-5.60211
-5.60032
-5.59978
-5.59929
-5.60025
-5.60098
-5.60164
-5.60193
-5.60121
-5.60083
-5.59882
-5.59718
-5.59515
-5.59266
-5.59117
-5.59052
-5.59256
-5.59581
-5.59955
-5.60515
-5.61087
-5.61691
-5.62234
-5.62617
-5.62902
-5.62992
-5.63049
-5.6303
-5.62914
-5.62721
-5.62571
-5.62544
-5.62606
-5.62667
-5.62756
-5.62866
-5.62925
-5.62993
-5.62987
-5.62949
-5.62708
-5.62461
-5.62129
-5.61779
-5.61371
-5.61016
-5.60649
-5.60233
-5.5985
-5.59509
-5.58946
-5.58229
-5.57466
-5.56644
-5.55823
-5.5526
-5.54996
-5.54911
-5.54918
-5.55032
-5.55209
-5.55476
-5.55863
-5.5631
-5.56871
-5.5775
-5.58962
-5.60299
-5.61747
-5.63225
-5.64477
-5.65577
-5.66334
-5.66672
-5.66693
-5.66322
-5.65606
-5.64686
-5.63567
-5.62407
-5.61348
-5.60403
-5.59629
-5.5904
-5.58454
-5.57993
-5.57718
-5.57525
-5.57521
-5.57576
-5.57788
-5.58062
-5.58406
-5.58761
-5.58937
-5.59087
-5.59166
-5.59244
-5.59402
-5.59629
-5.60267
-5.61061
-5.6182
-5.62649
-5.63515
-5.6421
-5.64641
-5.64945
-5.65118
-5.65089
-5.64919
-5.64581
-5.63989
-5.63319
-5.62521
-5.61542
-5.60531
-5.59483
-5.58312
-5.57281
-5.5639
-5.55653
-5.54964
-5.54443
-5.54077
-5.53826
-5.53611
-5.53489
-5.53582
-5.53926
-5.54249
-5.54912
-5.55539
-5.56166
-5.56644
-5.56888
-5.57193
-5.57433
-5.57792
-5.58279
-5.59022
-5.59903
-5.60673
-5.61281
-5.61364
-5.61163
-5.6076
-5.6037
-5.5988
-5.59789
-5.59847
-5.60033
-5.60376
-5.60789
-5.61244
-5.61453
-5.61504
-5.61294
-5.60888
-5.603
-5.59465
-5.58611
-5.57806
-5.57023
-5.56334
-5.55867
-5.55698
-5.55746
-5.56064
-5.56624
-5.57269
-5.58074
-5.5894
-5.599
-5.60867
-5.61573
-5.62213
-5.62648
-5.62922
-5.62997
-5.62945
-5.62768
-5.62578
-5.62425
-5.6225
-5.62113
-5.62066
-5.61985
-5.62057
-5.6203
-5.61876
-5.6164
-5.61235
-5.60739
-5.59962
-5.59032
-5.58051
-5.57166
-5.56181
-5.5517
-5.54149
-5.53016
-5.51863
-5.50473
-5.49025
-5.47564
-5.46215
-5.45014
-5.44169
-5.43702
-5.43692
-5.44126
-5.44813
-5.45947
-5.47255
-5.48682
-5.5027
-5.51855
-5.53387
-5.54537
-5.55583
-5.56386
-5.5684
-5.57054
-5.57082
-5.56972
-5.56751
-5.56529
-5.56228
-5.55857
-5.55462
-5.55011
-5.54459
-5.53839
-5.53278
-5.52695
-5.52183
-5.51896
-5.51806
-5.51918
-5.52365
-5.52869
-5.53508
-5.54134
-5.54701
-5.55109
-5.55408
-5.55524
-5.55558
-5.55424
-5.55214
-5.55033
-5.5468
-5.54297
-5.53811
-5.53202
-5.52517
-5.51796
-5.51219
-5.50918
-5.51031
-5.51559
-5.52499
-5.53553
-5.54677
-5.55596
-5.56446
-5.56973
-5.5741
-5.57756
-5.57926
-5.58069
-5.58178
-5.58065
-5.57961
-5.57532
-5.57114
-5.56472
-5.55856
-5.55064
-5.54337
-5.53714
-5.53033
-5.52382
-5.51886
-5.51496
-5.51309
-5.51301
-5.51458
-5.5182
-5.52386
-5.53009
-5.53623
-5.54361
-5.54995
-5.55666
-5.56328
-5.56862
-5.57315
-5.57689
-5.5784
-5.57811
-5.57561
-5.57103
-5.56436
-5.55653
-5.54729
-5.53893
-5.52992
-5.52278
-5.51665
-5.51093
-5.50558
-5.50101
-5.49826
-5.49774
-5.49851
-5.50171
-5.50681
-5.51338
-5.52069
-5.52812
-5.53394
-5.53982
-5.54313
-5.5482
-5.5393
-5.518
-5.48399
-5.44357
-5.39422
-5.3397
-5.28253
-5.2253
-5.17199
-5.12704
-5.09368
-5.07719
-5.07685
-5.09168
-5.12121
-5.16186
-5.20704
-5.25198
-5.28809
-5.31358
-5.32529
-5.32442
-5.31481
-5.29933
-5.28359
-5.27097
-5.26095
-5.25296
-5.24717
-5.24064
-5.23343
-5.22455
-5.21319
-5.19869
-5.18154
-5.16243
-5.14411
-5.12703
-5.11386
-5.10422
-5.10103
-5.10434
-5.11438
-5.12844
-5.14636
-5.16407
-5.17862
-5.19246
-5.20168
-5.20708
-5.20944
-5.20818
-5.20445
-5.19734
-5.1879
-5.17457
-5.15954
-5.13996
-5.11984
-5.09976
-5.08405
-5.07528
-5.07655
-5.0889
-5.11012
-5.13692
-5.16493
-5.19137
-5.21431
-5.23241
-5.24694
-5.25511
-5.25815
-5.25257
-5.24063
-5.22147
-5.19839
-5.17343
-5.14998
-5.13125
-5.11923
-5.11375
-5.11648
-5.12644
-5.14175
-5.16108
-5.18344
-5.20855
-5.23523
-5.26236
-5.28805
-5.30775
-5.31918
-5.32284
-5.31727
-5.30311
-5.28247
-5.25919
-5.2355
-5.21496
-5.19853
-5.18796
-5.18341
-5.18443
-5.1864
-5.1899
-5.1929
-5.19515
-5.19271
-5.18862
-5.1806
-5.16991
-5.15867
-5.1471
-5.13748
-5.1308
-5.12859
-5.13218
-5.14159
-5.15329
-5.16639
-5.17888
-5.18811
-5.19637
-5.19862
-5.19859
-5.19702
-5.19697
-5.19838
-5.20107
-5.20467
-5.20889
-5.21242
-5.21791
-5.22223
-5.22633
-5.22986
-5.23355
-5.23736
-5.2422
-5.24941
-5.25939
-5.27121
-5.28212
-5.29079
-5.29351
-5.29175
-5.28513
-5.27618
-5.26652
-5.25764
-5.25172
-5.24766
-5.24656
-5.2483
-5.25019
-5.25148
-5.25153
-5.24956
-5.2449
-5.23741
-5.23001
-5.22242
-5.21438
-5.20732
-5.20122
-5.19587
-5.18918
-5.18452
-5.18108
-5.18001
-5.1832
-5.18841
-5.19453
-5.20227
-5.2092
-5.21508
-5.21972
-5.22409
-5.22668
-5.22964
-5.23046
-5.23049
-5.23009
-5.23035
-5.23122
-5.23439
-5.23806
-5.24051
-5.24269
-5.24176
-5.24019
-5.23656
-5.22943
-5.21956
-5.20627
-5.18946
-5.17267
-5.15641
-5.14027
-5.1265
-5.11361
-5.10267
-5.09569
-5.09515
-5.10132
-5.11535
-5.13635
-5.16167
-5.19034
-5.22015
-5.24954
-5.27553
-5.29496
-5.30681
-5.31018
-5.30698
-5.2974
-5.28215
-5.26598
-5.24642
-5.22538
-5.20178
-5.18016
-5.16167
-5.14782
-5.13975
-5.14004
-5.1473
-5.15843
-5.17019
-5.18216
-5.19371
-5.20369
-5.21441
-5.22375
-5.23229
-5.23957
-5.24357
-5.24304
-5.23748
-5.22785
-5.21711
-5.20389
-5.19043
-5.17592
-5.16136
-5.14722
-5.13558
-5.12771
-5.12501
-5.12709
-5.13312
-5.14058
-5.15115
-5.16209
-5.1745
-5.18712
-5.20123
-5.21453
-5.22752
-5.23899
-5.24697
-5.25001
-5.24431
-5.23024
-5.20878
-5.18056
-5.14959
-5.1185
-5.09267
-5.07627
-5.06875
-5.07184
-5.08261
-5.09707
-5.11328
-5.12649
-5.13743
-5.14623
-5.15372
-5.15924
-5.1665
-5.17653
-5.19053
-5.20439
-5.21684
-5.22631
-5.23086
-5.23033
-5.22589
-5.21932
-5.21011
-5.20172
-5.19336
-5.18518
-5.1765
-5.16916
-5.16534
-5.16174
-5.15828
-5.15576
-5.15305
-5.1519
-5.15288
-5.15905
-5.17104
-5.18701
-5.20437
-5.22065
-5.23359
-5.24254
-5.24523
-5.2423
-5.23506
-5.22352
-5.20799
-5.18909
-5.16861
-5.14714
-5.13089
-5.12283
-5.1212
-5.12611
-5.13569
-5.14562
-5.15442
-5.16045
-5.16185
-5.16195
-5.1617
-5.16186
-5.16259
-5.16418
-5.1675
-5.1708
-5.17318
-5.17538
-5.17535
-5.17495
-5.17616
-5.1809
-5.19213
-5.20847
-5.22593
-5.24344
-5.25784
-5.26927
-5.27638
-5.28134
-5.28255
-5.28255
-5.28037
-5.27647
-5.27348
-5.27002
-5.26731
-5.26536
-5.26252
-5.25803
-5.25181
-5.24384
-5.23479
-5.22509
-5.21621
-5.20725
-5.19901
-5.19127
-5.18374
-5.17614
-5.16901
-5.1635
-5.16058
-5.16166
-5.1654
-5.17063
-5.1764
-5.17752
-5.17529
-5.17044
-5.16306
-5.15454
-5.14787
-5.14268
-5.14138
-5.14324
-5.14794
-5.15532
-5.16381
-5.1722
-5.18118
-5.18863
-5.1946
-5.19519
-5.19212
-5.18379
-5.17105
-5.15641
-5.1415
-5.12876
-5.11927
-5.1151
-5.11636
-5.12207
-5.13258
-5.14311
-5.15293
-5.15986
-5.16089
-5.15728
-5.15013
-5.13987
-5.12859
-5.11761
-5.10965
-5.10719
-5.11003
-5.11561
-5.12402
-5.13361
-5.14284
-5.15082
-5.15688
-5.16333
-5.17208
-5.18216
-5.19203
-5.20297
-5.21225
-5.21955
-5.22517
-5.23007
-5.22925
-5.2258
-5.22191
-5.22053
-5.22502
-5.23472
-5.24461
-5.24986
-5.2475
-5.24065
-5.22843
-5.21503
-5.20307
-5.19326
-5.18673
-5.18265
-5.18007
-5.17957
-5.17898
-5.18118
-5.18339
-5.18683
-5.19251
-5.20241
-5.21522
-5.22914
-5.24177
-5.25034
-5.25464
-5.25564
-5.25142
-5.24686
-5.24018
-5.23392
-5.22739
-5.22264
-5.21921
-5.21735
-5.2197
-5.22561
-5.23641
-5.25113
-5.26432
-5.27736
-5.28441
-5.28637
-5.28156
-5.27088
-5.25385
-5.23584
-5.21678
-5.19795
-5.17925
-5.16179
-5.14661
-5.13404
-5.12357
-5.11662
-5.11455
-5.11849
-5.12962
-5.14497
-5.16348
-5.18414
-5.2027
-5.21954
-5.23379
-5.25812
-5.27452
-5.27919
-5.27227
-5.25354
-5.22359
-5.18224
-5.13256
-5.07954
-5.0293
-4.98712
-4.95859
-4.94752
-4.95291
-4.97091
-4.99796
-5.02735
-5.05399
-5.0763
-5.09548
-5.11044
-5.12456
-5.1374
-5.14959
-5.16099
-5.17158
-5.17945
-5.18413
-5.18626
-5.18601
-5.18356
-5.18057
-5.17209
-5.15823
-5.13841
-5.11395
-5.08935
-5.06879
-5.05176
-5.03946
-5.0293
-5.0221
-5.01778
-5.02221
-5.03179
-5.04674
-5.06208
-5.07544
-5.08204
-5.08037
-5.06954
-5.05162
-5.0266
-5.00021
-4.97551
-4.95382
-4.93686
-4.92586
-4.92265
-4.92899
-4.9433
-4.96553
-4.98644
-5.00233
-5.01282
-5.01877
-5.02398
-5.02749
-5.02907
-5.0283
-5.02825
-5.02638
-5.02561
-5.02541
-5.02706
-5.02689
-5.0253
-5.02053
-5.01336
-5.00528
-4.99963
-4.99835
-4.99976
-5.00509
-5.01412
-5.02297
-5.03072
-5.03379
-5.03332
-5.02968
-5.02363
-5.01683
-5.00996
-5.00404
-5.00143
-4.99963
-5.0015
-5.005
-5.01004
-5.01524
-5.02328
-5.03334
-5.04504
-5.05667
-5.07144
-5.08653
-5.09916
-5.10891
-5.11358
-5.1135
-5.11016
-5.10262
-5.09434
-5.08583
-5.0784
-5.07327
-5.07201
-5.07355
-5.07871
-5.08588
-5.09339
-5.10362
-5.1149
-5.13005
-5.14742
-5.1655
-5.18082
-5.19135
-5.19516
-5.19371
-5.19436
-5.20196
-5.21337
-5.22196
-5.21817
-5.20065
-5.17081
-5.13604
-5.10395
-5.08317
-5.07674
-5.08197
-5.09433
-5.1079
-5.11606
-5.11877
-5.11373
-5.10441
-5.0931
-5.08065
-5.07014
-5.05889
-5.04738
-5.03392
-5.01836
-5.00249
-4.9884
-4.97508
-4.96337
-4.95308
-4.94263
-4.93435
-4.93001
-4.93133
-4.93856
-4.95233
-4.97101
-4.99192
-5.0112
-5.02831
-5.04078
-5.04613
-5.04479
-5.03482
-5.01928
-4.99888
-4.97779
-4.9599
-4.94678
-4.9413
-4.94659
-4.96178
-4.98389
-5.00953
-5.03588
-5.05931
-5.0795
-5.09697
-5.11232
-5.12559
-5.13503
-5.14266
-5.14277
-5.13573
-5.12123
-5.10173
-5.07885
-5.06002
-5.04928
-5.05104
-5.06595
-5.09153
-5.1246
-5.15949
-5.19455
-5.22502
-5.24996
-5.26758
-5.27948
-5.28373
-5.28088
-5.27025
-5.25347
-5.2323
-5.21272
-5.19642
-5.18391
-5.17656
-5.1742
-5.17208
-5.16411
-5.15177
-5.13246
-5.1081
-5.07993
-5.05335
-5.0341
-5.02611
-5.03026
-5.0474
-5.07152
-5.09912
-5.12804
-5.15408
-5.17677
-5.19232
-5.1993
-5.19738
-5.18809
-5.17308
-5.15844
-5.1442
-5.13346
-5.12517
-5.11903
-5.11301
-5.11007
-5.11003
-5.11217
-5.11976
-5.13068
-5.14385
-5.1581
-5.16956
-5.17846
-5.18064
-5.18191
-5.18628
-5.19558
-5.20593
-5.21595
-5.21926
-5.21731
-5.21234
-5.21009
-5.21187
-5.21575
-5.21717
-5.21273
-5.20078
-5.18104
-5.15775
-5.13371
-5.11297
-5.1023
-5.10277
-5.11181
-5.12665
-5.14172
-5.15263
-5.15762
-5.15483
-5.14527
-5.12867
-5.11111
-5.09211
-5.07604
-5.0647
-5.06001
-5.05911
-5.0632
-5.07288
-5.08545
-5.09841
-5.1106
-5.11849
-5.11994
-5.11324
-5.09724
-5.07393
-5.04536
-5.01601
-4.99489
-4.98612
-4.98858
-4.99847
-5.0104
-5.02487
-5.04167
-5.0614
-5.0809
-5.10095
-5.11662
-5.1274
-5.13328
-5.13432
-5.12941
-5.12097
-5.10981
-5.09798
-5.08809
-5.08414
-5.08678
-5.09401
-5.1027
-5.10937
-5.11217
-5.11139
-5.10834
-5.10418
-5.10087
-5.09561
-5.08691
-5.0737
-5.05501
-5.03344
-5.01205
-4.9959
-4.98864
-4.98945
-4.99764
-5.01031
-5.02655
-5.04208
-5.05995
-5.07863
-5.09692
-5.11362
-5.13034
-5.14322
-5.15212
-5.15454
-5.15234
-5.14611
-5.1368
-5.1266
-5.11721
-5.10795
-5.09801
-5.0874
-5.077
-5.06745
-5.05917
-5.05482
-5.05502
-5.05849
-5.06389
-5.06931
-5.0736
-5.07696
-5.08421
-5.09596
-5.1085
-5.12181
-5.13329
-5.14178
-5.14904
-5.15477
-5.16176
-5.16885
-5.17824
-5.18713
-5.19552
-5.20441
-5.21183
-5.21823
-5.22593
-5.23201
-5.23909
-5.24751
-5.25357
-5.25522
-5.25271
-5.24536
-5.23264
-5.21961
-5.2074
-5.19943
-5.19587
-5.19529
-5.19523
-5.19073
-5.18503
-5.17931
-5.1768
-5.1789
-5.18323
-5.18703
-5.18427
-5.17417
-5.15491
-5.12823
-5.09585
-5.06042
-5.0262
-4.99589
-4.97223
-4.95673
-4.94909
-4.95021
-4.95522
-4.96418
-4.97619
-4.99193
-5.01299
-5.04248
-5.07966
-5.12066
-5.16281
-5.19966
-5.22887
-5.24575
-5.25046
-5.24156
-5.22256
-5.19756
-5.17064
-5.1489
-5.14177
-5.15342
-5.1779
-5.20637
-5.23239
-5.25046
-5.26026
-5.26585
-5.26405
-5.25942
-5.25287
-5.24432
-5.2334
-5.22278
-5.2132
-5.2051
-5.19923
-5.19408
-5.18974
-5.18326
-5.17549
-5.16633
-5.15446
-5.14228
-5.13002
-5.11701
-5.10814
-5.10179
-5.10061
-5.10527
-5.11383
-5.1265
-5.14326
-5.16147
-5.18023
-5.19705
-5.20868
-5.21478
-5.21452
-5.20798
-5.19736
-5.18489
-5.17371
-5.16691
-5.16803
-5.1754
-5.18719
-5.19892
-5.21034
-5.21783
-5.21895
-5.21712
-5.21142
-5.20176
-5.18886
-5.17477
-5.1587
-5.1456
-5.13764
-5.13657
-5.14263
-5.15322
-5.18673
-5.21528
-5.23672
-5.24862
-5.25123
-5.24518
-5.23111
-5.21251
-5.19146
-5.1703
-5.14939
-5.12859
-5.11228
-5.10207
-5.09815
-5.10062
-5.10585
-5.11153
-5.11935
-5.1255
-5.13309
-5.13785
-5.13959
-5.13365
-5.12193
-5.10641
-5.0894
-5.07275
-5.06004
-5.05365
-5.0534
-5.05922
-5.06827
-5.07831
-5.08836
-5.09639
-5.10246
-5.10691
-5.11249
-5.11677
-5.12463
-5.13116
-5.13619
-5.13616
-5.12875
-5.11423
-5.09351
-5.068
-5.04222
-5.01805
-5.00051
-4.99147
-4.99126
-4.99777
-5.00721
-5.01747
-5.02418
-5.02407
-5.0162
-5.00248
-4.98515
-4.96533
-4.94805
-4.9352
-4.93117
-4.93757
-4.95366
-4.97556
-4.99488
-5.01133
-5.0205
-5.02517
-5.02735
-5.02848
-5.02801
-5.02602
-5.02065
-5.01043
-4.99581
-4.97785
-4.95956
-4.94542
-4.93722
-4.93607
-4.94349
-4.95526
-4.96873
-4.98402
-4.99677
-5.00767
-5.01805
-5.02662
-5.03302
-5.03782
-5.0412
-5.04591
-5.05141
-5.05614
-5.06224
-5.06647
-5.06835
-5.06657
-5.06198
-5.05414
-5.04836
-5.04832
-5.05353
-5.06395
-5.07646
-5.08982
-5.09947
-5.107
-5.11016
-5.11191
-5.11068
-5.10737
-5.10028
-5.09297
-5.08713
-5.08406
-5.08623
-5.09256
-5.10122
-5.10673
-5.10528
-5.09756
-5.08344
-5.0657
-5.04928
-5.03671
-5.03172
-5.03432
-5.04565
-5.06455
-5.08859
-5.11313
-5.1351
-5.15172
-5.15954
-5.15576
-5.14302
-5.1241
-5.10485
-5.08858
-5.078
-5.07258
-5.07123
-5.07139
-5.07395
-5.07514
-5.07359
-5.07078
-5.06637
-5.06278
-5.0605
-5.05892
-5.0586
-5.06209
-5.07091
-5.08338
-5.09747
-5.10879
-5.11414
-5.11547
-5.11134
-5.10289
-5.09028
-5.07556
-5.06073
-5.04701
-5.03646
-5.03203
-5.03214
-5.03648
-5.045
-5.0558
-5.06692
-5.07644
-5.08604
-5.09453
-5.1025
-5.10692
-5.10872
-5.10433
-5.09324
-5.07671
-5.05644
-5.03488
-5.01255
-4.99316
-4.98145
-4.97519
-4.97526
-4.98066
-4.98789
-4.99464
-4.9981
-4.99987
-4.99817
-4.99383
-4.98692
-4.97713
-4.96584
-4.95411
-4.94025
-4.92654
-4.91332
-4.90569
-4.90368
-4.90864
-4.92116
-4.93608
-4.95393
-4.97122
-4.98502
-4.99616
-5.00272
-5.00554
-5.00641
-5.00567
-5.00353
-4.99784
-4.98911
-4.97572
-4.95963
-4.94598
-4.93818
-4.93803
-4.94705
-4.96075
-4.97541
-4.98552
-4.99117
-4.98908
-4.98163
-4.97052
-4.95769
-4.94511
-4.93525
-4.93037
-4.93158
-4.93737
-4.94583
-4.95508
-4.96037
-4.96141
-4.95674
-4.94637
-4.93303
-4.91931
-4.90522
-4.89442
-4.88925
-4.89207
-4.90241
-4.91916
-4.94008
-4.9609
-4.9771
-4.98672
-4.98921
-4.98769
-4.98435
-4.98371
-4.98945
-5.00118
-5.02015
-5.04332
-5.06702
-5.08855
-5.1059
-5.11653
-5.1199
-5.11485
-5.10598
-5.0941
-5.08375
-5.07607
-5.07228
-5.07268
-5.0773
-5.08463
-5.0929
-5.10018
-5.10712
-5.11471
-5.12355
-5.13353
-5.1441
-5.15273
-5.16
-5.16424
-5.16768
-5.16837
-5.16598
-5.15971
-5.14855
-5.13129
-5.10987
-5.08213
-5.05053
-5.02024
-4.99909
-4.98921
-4.99118
-5.00089
-5.01285
-5.02276
-5.02939
-5.03241
-5.03332
-5.03262
-5.03117
-5.03099
-5.03207
-5.03606
-5.04161
-5.04676
-5.04778
-5.04456
-5.03617
-5.02691
-5.02112
-5.02516
-5.03917
-5.05837
-5.07913
-5.09585
-5.1075
-5.11221
-5.10724
-5.09307
-5.07247
-5.0465
-5.02101
-4.99888
-4.98412
-4.97898
-4.98539
-5.00251
-5.02743
-5.05374
-5.0807
-5.10384
-5.11796
-5.12412
-5.12509
-5.12397
-5.1229
-5.12462
-5.13199
-5.14144
-5.14969
-5.15365
-5.15075
-5.14167
-5.12817
-5.11592
-5.10517
-5.10088
-5.10257
-5.10812
-5.11563
-5.12248
-5.12884
-5.13275
-5.13119
-5.12695
-5.12086
-5.11069
-5.09707
-5.08275
-5.06922
-5.05731
-5.04857
-5.04617
-5.05162
-5.06413
-5.07832
-5.09113
-5.09846
-5.09815
-5.0876
-5.06867
-5.04376
-5.01781
-4.99415
-4.97384
-4.96166
-4.9605
-4.97128
-4.99671
-5.0337
-5.07835
-5.12304
-5.1649
-5.20012
-5.2258
-5.24302
-5.24989
-5.24521
-5.22831
-5.19708
-5.15562
-5.10574
-5.05451
-5.01101
-4.98151
-4.96972
-4.97754
-5.0008
-5.03215
-5.06652
-5.0978
-5.12189
-5.1381
-5.14565
-5.144
-5.13679
-5.12479
-5.11092
-5.09686
-5.08382
-5.07064
-5.05824
-5.04559
-5.03529
-5.02852
-5.02867
-5.03197
-5.03792
-5.04418
-5.05134
-5.05695
-5.0637
-5.07137
-5.07901
-5.09052
-5.10387
-5.11777
-5.13074
-5.14264
-5.15383
-5.1628
-5.171
-5.17693
-5.18175
-5.18601
-5.188
-5.18924
-5.18753
-5.18582
-5.18178
-5.17713
-5.16886
-5.15751
-5.14267
-5.12385
-5.10219
-5.07769
-5.05086
-5.02732
-5.01226
-5.01052
-5.01836
-5.03293
-5.04695
-5.06066
-5.0741
-5.08793
-5.10055
-5.11504
-5.13066
-5.14448
-5.15555
-5.16296
-5.16552
-5.16266
-5.15479
-5.14429
-5.13295
-5.12213
-5.11425
-5.10887
-5.10498
-5.09825
-5.08568
-5.06629
-5.03926
-5.00747
-4.97681
-4.95629
-4.94781
-4.9518
-4.96476
-4.98046
-4.99435
-5.00529
-5.01386
-5.02059
-5.05085
-5.08131
-5.10879
-5.13302
-5.15661
-5.17803
-5.19666
-5.21372
-5.22451
-5.22602
-5.21431
-5.18707
-5.14695
-5.10086
-5.05365
-5.01494
-4.99011
-4.98554
-5.00168
-5.02885
-5.05507
-5.07708
-5.09236
-5.10028
-5.10436
-5.10627
-5.10364
-5.09699
-5.09069
-5.08755
-5.08797
-5.09391
-5.10403
-5.11811
-5.13178
-5.14255
-5.14659
-5.14611
-5.13753
-5.1265
-5.11182
-5.09452
-5.07694
-5.06482
-5.06217
-5.07014
-5.08382
-5.09685
-5.10451
-5.10212
-5.09095
-5.07272
-5.05126
-5.02975
-5.00931
-4.98928
-4.96982
-4.94937
-4.92788
-4.90723
-4.88794
-4.87242
-4.86261
-4.85635
-4.85436
-4.85836
-4.86877
-4.88372
-4.90235
-4.92284
-4.94157
-4.95832
-4.96959
-4.97343
-4.97115
-4.96656
-4.96249
-4.96251
-4.96981
-4.98591
-5.00903
-5.03576
-5.06132
-5.08
-5.08734
-5.07971
-5.05674
-5.02454
-4.99094
-4.96821
-4.96384
-4.98087
-5.01312
-5.05156
-5.09044
-5.12104
-5.14153
-5.14593
-5.136
-5.11243
-5.07694
-5.03611
-4.99281
-4.95275
-4.92012
-4.89699
-4.88137
-4.87316
-4.87034
-4.87176
-4.87705
-4.88845
-4.90563
-4.92599
-4.94762
-4.97139
-4.99095
-5.00791
-5.0198
-5.02799
-5.03207
-5.03213
-5.02768
-5.01896
-5.00874
-5.00056
-4.99613
-4.99647
-5.00262
-5.01309
-5.02521
-5.03637
-5.0465
-5.05483
-5.05987
-5.0623
-5.06022
-5.05213
-5.03646
-5.01529
-4.98881
-4.96392
-4.94473
-4.93396
-4.93733
-4.95287
-4.97511
-5.00093
-5.02487
-5.04811
-5.06626
-5.07883
-5.087
-5.08725
-5.07945
-5.06621
-5.04823
-5.02844
-5.01012
-4.99383
-4.97838
-4.96362
-4.94909
-4.93518
-4.92237
-4.91202
-4.90757
-4.91267
-4.92491
-4.94335
-4.96324
-4.97759
-4.9877
-4.99145
-4.99259
-4.98935
-4.98047
-4.96663
-4.94687
-4.92358
-4.90098
-4.88059
-4.8658
-4.8571
-4.85213
-4.84903
-4.84658
-4.84668
-4.85141
-4.85986
-4.87179
-4.88758
-4.90317
-4.91737
-4.93026
-4.94206
-4.95286
-4.96406
-4.97761
-4.9937
-5.01163
-5.03197
-5.05243
-5.07087
-5.08471
-5.093
-5.09303
-5.08508
-5.07009
-5.04948
-5.02664
-5.00689
-4.99216
-4.98338
-4.97962
-4.97899
-4.98029
-4.98355
-4.99026
-4.99702
-5.00269
-5.00696
-5.01266
-5.02054
-5.03234
-5.04762
-5.06298
-5.07528
-5.08621
-5.09578
-5.1071
-5.11821
-5.12878
-5.13453
-5.1361
-5.13182
-5.12263
-5.10984
-5.09399
-5.07695
-5.05825
-5.04098
-5.02197
-5.00443
-4.9877
-4.97199
-4.95763
-4.94449
-4.93242
-4.92385
-4.91994
-4.92527
-4.94018
-4.95887
-4.98008
-4.99694
-5.00716
-5.01062
-5.00644
-4.99531
-4.98001
-4.96094
-4.93824
-4.91526
-4.89448
-4.87876
-4.87587
-4.88537
-4.90472
-4.92971
-4.9547
-4.97604
-4.99269
-5.00338
-5.01087
-5.01537
-5.01961
-5.02561
-5.03386
-5.04432
-5.05482
-5.06407
-5.06982
-5.06976
-5.06362
-5.05403
-5.0429
-5.03156
-5.02184
-5.01358
-5.00561
-4.99701
-4.98711
-4.97657
-4.96446
-4.95417
-4.94706
-4.94216
-4.94074
-4.93821
-4.93322
-4.92703
-4.91993
-4.91351
-4.90978
-4.91227
-4.91823
-4.92885
-4.94024
-4.9517
-4.95814
-4.95781
-4.95027
-4.93802
-4.92297
-4.91167
-4.90805
-4.91353
-4.92495
-4.94066
-4.95491
-4.96612
-4.9755
-4.98753
-5.00698
-5.03191
-5.05388
-5.06553
-5.06298
-5.04721
-5.02509
-5.00383
-4.99297
-4.99749
-5.01687
-5.04244
-5.06546
-5.08077
-5.08307
-5.07278
-5.05477
-5.03541
-5.02092
-5.01714
-5.02359
-5.04143
-5.06642
-5.09408
-5.11789
-5.13367
-5.14111
-5.13952
-5.13277
-5.12274
-5.11176
-5.1004
-5.09034
-5.07903
-5.0652
-5.04604
-5.02235
-4.99405
-4.96894
-4.94908
-4.94386
-4.95725
-4.98536
-5.01974
-5.0519
-5.07385
-5.08519
-5.08584
-5.08075
-5.07316
-5.06702
-5.06209
-5.05909
-5.05811
-5.05861
-5.05992
-5.06143
-5.0631
-5.06385
-5.06396
-5.06241
-5.05459
-5.04109
-5.02143
-4.99925
-4.98059
-4.96871
-4.96604
-4.97002
-4.98137
-4.99313
-5.00273
-5.00803
-5.00798
-5.00252
-4.99105
-4.97925
-4.96642
-4.95499
-4.94364
-4.93297
-4.92001
-4.90695
-4.89875
-4.89594
-4.8985
-4.90542
-4.91556
-4.92621
-4.93696
-4.94816
-4.95948
-4.96924
-4.97824
-4.98437
-4.98594
-4.98245
-4.97376
-4.95952
-4.94184
-4.92464
-4.90921
-4.89943
-4.89661
-4.90142
-4.91197
-4.92729
-4.94608
-4.96464
-4.98146
-4.99478
-5.00094
-5.00183
-4.99583
-4.98731
-4.97793
-4.97172
-4.97122
-4.97454
-4.98149
-4.98918
-4.99796
-5.00477
-5.00625
-5.00547
-5.00399
-5.00399
-5.00939
-5.01859
-5.03005
-5.04477
-5.06646
-5.09585
-5.12937
-5.15552
-5.1707
-5.17058
-5.15839
-5.13971
-5.12036
-5.10695
-5.09951
-5.09616
-5.09233
-5.08132
-5.06194
-5.0329
-4.99752
-4.96459
-4.94557
-4.94625
-4.96204
-4.98705
-5.01255
-5.03179
-5.04566
-5.05394
-5.0586
-5.06216
-5.06261
-5.06306
-5.06405
-5.06669
-5.07211
-5.07965
-5.09189
-5.10669
-5.12386
-5.13867
-5.14963
-5.15514
-5.15069
-5.13979
-5.11935
-5.09356
-5.06588
