1.65
1.64842
1.64364
1.63553
1.62378
1.60795
1.58747
1.56165
1.5297
1.49082
1.44431
1.38975
1.32725
1.25762
1.18258
1.10488
1.0281
0.956272
0.893237
0.84199
0.804218
0.780163
0.768799
0.768195
0.775926
0.789419
0.80622
0.824181
0.841577
0.857169
0.870207
0.880414
0.887925
0.89316
0.89667
0.898984
0.900473
0.90127
0.901259
0.900089
0.897273
0.892329
0.884924
0.87498
0.862741
0.848799
0.834023
0.819401
0.805915
0.794424
0.785595
0.779896
0.777548
0.778506
0.782485
0.788966
0.797261
0.806573
0.816056
0.824895
0.832368
0.837938
0.841339
0.842607
0.842037
0.84012
0.837453
0.834636
0.832191
0.83055
0.8301
0.831157
0.833917
0.83837
0.844221
0.85095
0.857909
0.864485
0.870247
0.874981
0.878706
0.881638
0.884089
0.886392
0.888818
0.891521
0.894522
0.897706
0.900854
0.903691
0.90592
0.907268
0.907522
0.906572
0.904452
0.90136
0.897668
0.893831
0.890323
0.887527
0.885653
0.884685
0.884364
0.884295
0.884007
0.883087
0.881287
0.878557
0.875018
0.870822
0.866015
0.860447
0.853803
0.84575
0.836118
0.824996
0.812769
0.800097
0.787807
0.776763
0.767744
0.761337
0.757821
0.757117
0.758803
0.762195
0.766527
0.771154
0.77568
0.77996
0.784077
0.78826
0.792777
0.797862
0.803645
0.810097
0.817011
0.824053
0.830829
0.837007
0.842454
0.84726
0.85164
0.855777
0.859678
0.863119
0.865724
0.867152
0.867194
0.865834
0.863225
0.859677
0.855669
0.851841
0.848967
0.84789
0.849432
0.854232
0.862562
0.874172
0.888263
0.903585
0.918669
0.932113
0.942823
0.95016
0.953932
0.954316
0.951735
0.946783
0.940156
0.932568
0.924713
0.917213
0.910586
0.905216
0.901306
0.898903
0.897887
0.897971
0.898746
0.899748
0.900543
0.900815
0.900394
0.899272
0.897568
0.895493
0.893337
0.891473
0.890318
0.890292
0.891745
0.894838
0.899453
0.905157
0.911282
0.917132
0.922092
0.925763
0.928018
0.928941
0.928773
0.927857
0.926569
0.925258
0.924216
0.923654
0.923679
0.924273
0.925305
0.926545
0.927714
0.928532
0.928757
0.928227
0.926871
0.92471
0.921861
0.918523
0.91491
0.911214
0.907532
0.903804
0.899794
0.895142
0.889482
0.882617
0.874711
0.866401
0.858697
0.852652
0.848943
0.847598
0.848071
0.849624
0.851691
0.854091
0.857099
0.861317
0.867424
0.875935
0.886979
0.900155
0.914562
0.928963
0.942014
0.952515
0.959605
0.962835
0.962158
0.957886
0.950618
0.941174
0.9305
0.919548
0.909138
0.899845
0.891943
0.885427
0.880156
0.876002
0.87296
0.871182
0.87085
0.871994
0.874384
0.877529
0.880781
0.883544
0.885458
0.886539
0.887224
0.888215
0.890297
0.894101
0.899862
0.90731
0.915746
0.924296
0.932171
0.938807
0.943868
0.947215
0.948812
0.948667
0.946815
0.943287
0.938134
0.931438
0.92332
0.913993
0.903751
0.892994
0.882222
0.87194
0.86258
0.854458
0.847716
0.842338
0.838217
0.835247
0.833407
0.832791
0.833583
0.835956
0.839912
0.845144
0.851038
0.856799
0.861689
0.865337
0.867974
0.870445
0.873947
0.879428
0.886924
0.895309
0.902747
0.907576
0.909036
0.907416
0.90378
0.899517
0.895897
0.893804
0.893628
0.895305
0.898394
0.902171
0.905761
0.908259
0.908905
0.907249
0.903217
0.897075
0.889383
0.880897
0.872439
0.864809
0.858705
0.854657
0.852972
0.853752
0.856908
0.86218
0.869208
0.877531
0.88661
0.89588
0.904764
0.912715
0.919258
0.924052
0.926947
0.928019
0.927545
0.925964
0.923794
0.921544
0.919663
0.918448
0.917966
0.918041
0.918273
0.918112
0.916993
0.91446
0.910256
0.90439
0.897093
0.888728
0.879682
0.870237
0.860526
0.850552
0.840164
0.829103
0.817089
0.803943
0.789797
0.775248
0.76139
0.749612
0.741213
0.737011
0.737196
0.7415
0.749394
0.760254
0.773445
0.788279
0.803957
0.819597
0.834266
0.847076
0.857363
0.864786
0.869349
0.871371
0.871396
0.870038
0.867845
0.86518
0.862167
0.858754
0.854789
0.850128
0.844769
0.838894
0.832873
0.827234
0.822608
0.81962
0.818733
0.82014
0.82367
0.828821
0.834846
0.840903
0.846238
0.850308
0.85284
0.853865
0.853623
0.852458
0.85067
0.8484
0.845602
0.842054
0.837467
0.831678
0.824859
0.817728
0.811618
0.808254
0.809116
0.814642
0.823917
0.8351
0.84626
0.856029
0.863797
0.869566
0.873676
0.876567
0.878582
0.879859
0.88033
0.879782
0.877967
0.874736
0.87011
0.864313
0.857725
0.850726
0.843619
0.836642
0.830003
0.82396
0.818873
0.815149
0.813143
0.813063
0.814919
0.818526
0.82356
0.829627
0.836353
0.843409
0.850496
0.857332
0.863632
0.869109
0.873468
0.876437
0.877783
0.877333
0.87498
0.870708
0.864662
0.857166
0.848719
0.83994
0.831402
0.823516
0.816474
0.810293
0.804954
0.800555
0.797376
0.795826
0.796314
0.799065
0.803992
0.810668
0.818374
0.826199
0.83317
0.838406
1.65455
1.65903
1.65062
1.62998
1.59831
1.55722
1.50856
1.45445
1.39744
1.34071
1.28807
1.24363
1.21118
1.19357
1.1923
1.20734
1.23694
1.27741
1.32308
1.36735
1.40413
1.42923
1.44103
1.44052
1.4309
1.41643
1.40118
1.38785
1.37751
1.3699
1.36404
1.35863
1.35225
1.34363
1.33198
1.31722
1.3
1.28144
1.26291
1.24594
1.23212
1.22302
1.21987
1.22314
1.23236
1.24614
1.26258
1.27959
1.29526
1.30816
1.31753
1.32326
1.32566
1.32501
1.32141
1.31473
1.30482
1.29165
1.27541
1.25664
1.23647
1.21702
1.20138
1.19308
1.19485
1.20737
1.2288
1.25549
1.28346
1.30967
1.33243
1.35096
1.36468
1.37281
1.37444
1.369
1.35648
1.33772
1.31448
1.28941
1.2657
1.24652
1.23425
1.22996
1.23339
1.24341
1.25867
1.27797
1.30047
1.32557
1.35249
1.37977
1.40497
1.42511
1.43749
1.44055
1.43415
1.41953
1.39892
1.37522
1.35155
1.33068
1.31459
1.30417
1.29924
1.2988
1.30126
1.30481
1.30774
1.30874
1.30705
1.30236
1.29482
1.28494
1.27361
1.26215
1.25218
1.24545
1.24344
1.24686
1.25526
1.26713
1.28023
1.29232
1.30164
1.30736
1.30969
1.30977
1.3092
1.30935
1.31091
1.31389
1.31792
1.32257
1.32745
1.33218
1.33649
1.34029
1.3437
1.34714
1.35131
1.35712
1.36523
1.3756
1.38714
1.3979
1.40571
1.40901
1.40729
1.40123
1.39242
1.38288
1.37454
1.36864
1.3656
1.36505
1.36612
1.36777
1.36899
1.36883
1.36652
1.36171
1.35472
1.34649
1.3382
1.33077
1.32443
1.31873
1.31307
1.30733
1.30216
1.29864
1.29775
1.29987
1.30457
1.31092
1.31785
1.32445
1.33017
1.33481
1.33844
1.34116
1.34307
1.3442
1.34469
1.34493
1.34551
1.34699
1.34951
1.35267
1.35565
1.35764
1.35803
1.35643
1.35246
1.3456
1.33544
1.32208
1.30642
1.28986
1.27364
1.2584
1.24433
1.23163
1.2211
1.21425
1.21292
1.21854
1.23164
1.25167
1.27719
1.30618
1.33631
1.36513
1.39024
1.40959
1.4217
1.426
1.42287
1.41354
1.39958
1.38223
1.36222
1.34016
1.31712
1.2949
1.2758
1.26204
1.25504
1.25495
1.26073
1.27052
1.28233
1.29455
1.30624
1.31714
1.32743
1.33722
1.34615
1.35318
1.35694
1.35639
1.35133
1.34254
1.33126
1.3185
1.30472
1.29008
1.27516
1.26128
1.25018
1.24324
1.24096
1.24297
1.24849
1.25665
1.26673
1.27809
1.29018
1.30265
1.31541
1.3284
1.34117
1.35251
1.3605
1.36297
1.3581
1.34494
1.32372
1.29598
1.26464
1.23384
1.20809
1.19104
1.18437
1.18745
1.19786
1.21243
1.22802
1.24221
1.25361
1.26204
1.26844
1.27456
1.28221
1.29254
1.30538
1.31923
1.33184
1.34108
1.34563
1.34531
1.34095
1.33386
1.32531
1.31621
1.30711
1.29852
1.29092
1.2848
1.28036
1.27731
1.275
1.27277
1.27056
1.26939
1.2711
1.27748
1.28909
1.30474
1.3219
1.33776
1.35002
1.35745
1.35972
1.35713
1.35004
1.33865
1.32314
1.30419
1.28342
1.26351
1.24759
1.23824
1.23654
1.24157
1.25077
1.26097
1.26954
1.27512
1.27781
1.2786
1.2787
1.27904
1.28006
1.28195
1.28464
1.28775
1.29051
1.29209
1.29228
1.29201
1.29338
1.29867
1.30912
1.3241
1.34139
1.35831
1.37283
1.38398
1.39172
1.39642
1.39841
1.39799
1.39556
1.3919
1.38806
1.38494
1.38279
1.38108
1.37877
1.37486
1.3688
1.36071
1.35129
1.3415
1.33219
1.32382
1.3163
1.30911
1.30171
1.294
1.28665
1.28092
1.27803
1.27846
1.28164
1.28615
1.29014
1.29194
1.29045
1.2855
1.27791
1.26937
1.26191
1.25723
1.25622
1.25878
1.26419
1.27152
1.27998
1.28895
1.29772
1.30525
1.31022
1.31137
1.30784
1.29957
1.28739
1.27288
1.2581
1.24517
1.2359
1.23161
1.23285
1.23922
1.24928
1.26069
1.27082
1.27737
1.27899
1.27542
1.26746
1.25672
1.24525
1.23511
1.22797
1.22494
1.22655
1.23251
1.24154
1.2516
1.26077
1.26819
1.27451
1.2812
1.28935
1.29891
1.30904
1.3189
1.32801
1.33601
1.34215
1.34529
1.34461
1.34072
1.33634
1.33528
1.33984
1.34881
1.35811
1.36336
1.36211
1.35453
1.34281
1.32988
1.31817
1.30899
1.30258
1.29863
1.29662
1.29609
1.29668
1.29813
1.30052
1.30447
1.31097
1.32069
1.33323
1.34683
1.35901
1.36768
1.37184
1.37172
1.36833
1.36294
1.35661
1.35009
1.3439
1.3386
1.33494
1.3339
1.33645
1.34312
1.35369
1.36693
1.38072
1.39255
1.4001
1.40172
1.39679
1.38574
1.36989
1.3511
1.33123
1.31167
1.29329
1.27645
1.26127
1.24799
1.23729
1.23028
1.22828
1.23224
1.24225
1.25733
1.27571
1.29535
1.31445
1.3317
1.66263
1.68732
1.70317
1.70866
1.70259
1.68428
1.65393
1.61285
1.56385
1.51132
1.461
1.41913
1.39108
1.37984
1.38516
1.40373
1.43028
1.45926
1.48639
1.5095
1.52833
1.54387
1.55747
1.5702
1.58255
1.59434
1.60487
1.61313
1.6184
1.62056
1.6202
1.61803
1.61384
1.60609
1.59274
1.57299
1.54863
1.5237
1.50217
1.4855
1.47263
1.46235
1.45499
1.45231
1.45601
1.46622
1.48094
1.49663
1.50932
1.51564
1.51349
1.50243
1.48359
1.45936
1.43284
1.40723
1.38531
1.36898
1.35935
1.35741
1.36421
1.37953
1.40018
1.42064
1.43638
1.44648
1.45293
1.45772
1.46122
1.46282
1.46244
1.46085
1.45921
1.45847
1.45882
1.45964
1.45968
1.45774
1.4533
1.44685
1.4398
1.43413
1.43173
1.43375
1.44006
1.44908
1.45839
1.46558
1.4691
1.46854
1.46452
1.45825
1.45108
1.44427
1.43884
1.43547
1.4344
1.43548
1.43836
1.44278
1.44876
1.45652
1.46629
1.47811
1.49168
1.50622
1.52046
1.53284
1.54177
1.54613
1.54564
1.54104
1.53375
1.52541
1.51741
1.51078
1.50629
1.5046
1.50614
1.51079
1.51789
1.52658
1.53655
1.54838
1.56292
1.58001
1.59771
1.61296
1.62292
1.62653
1.62605
1.62705
1.63421
1.64564
1.65326
1.64933
1.63127
1.60187
1.56762
1.53661
1.51591
1.50891
1.51407
1.52617
1.53899
1.54762
1.54961
1.54503
1.53574
1.52427
1.51261
1.50146
1.49027
1.47796
1.46391
1.44844
1.43266
1.41787
1.40484
1.39352
1.38335
1.374
1.36614
1.36165
1.36277
1.37073
1.38498
1.40351
1.42383
1.44358
1.46057
1.47278
1.4785
1.4767
1.46741
1.45183
1.43221
1.41146
1.39286
1.37975
1.37497
1.38007
1.39464
1.41621
1.44118
1.4662
1.48916
1.5094
1.52706
1.54242
1.55536
1.56518
1.57072
1.57057
1.56349
1.5492
1.52914
1.50689
1.48765
1.47686
1.47837
1.49315
1.51908
1.55204
1.58748
1.62167
1.65208
1.67715
1.69598
1.70801
1.71286
1.71032
1.70064
1.6849
1.6653
1.64503
1.62751
1.61517
1.60828
1.60494
1.60182
1.59548
1.58337
1.56457
1.54006
1.51276
1.4871
1.46812
1.45994
1.4643
1.47999
1.50355
1.53093
1.55882
1.58474
1.60654
1.62196
1.62904
1.62705
1.61723
1.60263
1.58698
1.57312
1.56206
1.55342
1.54652
1.54117
1.53785
1.53741
1.54065
1.54792
1.55891
1.57238
1.5863
1.59818
1.60595
1.60916
1.61013
1.61336
1.62193
1.63401
1.6442
1.64831
1.6465
1.64259
1.6409
1.64296
1.6467
1.64817
1.6439
1.6321
1.6131
1.58931
1.56499
1.5453
1.5346
1.53467
1.54405
1.55875
1.57387
1.58524
1.59018
1.58758
1.57781
1.56244
1.54403
1.52566
1.51016
1.4993
1.4937
1.49324
1.49762
1.50634
1.51834
1.53174
1.54389
1.55191
1.55322
1.54615
1.53016
1.50622
1.47735
1.44902
1.42789
1.4183
1.41973
1.42836
1.44071
1.45539
1.47237
1.49144
1.51143
1.53029
1.54587
1.55663
1.56193
1.56196
1.5574
1.54919
1.53858
1.52753
1.51872
1.51485
1.5171
1.52409
1.53255
1.53911
1.54194
1.54128
1.53864
1.5354
1.5317
1.52631
1.51736
1.50355
1.48496
1.46346
1.4425
1.42642
1.41861
1.41988
1.4285
1.44162
1.45689
1.47304
1.48972
1.50706
1.52503
1.54301
1.55962
1.57301
1.58156
1.58446
1.58205
1.57562
1.56688
1.55732
1.54778
1.53833
1.52865
1.5185
1.50815
1.49853
1.4911
1.48723
1.48751
1.49111
1.49604
1.50034
1.50367
1.5078
1.5151
1.52627
1.5397
1.55277
1.56366
1.57194
1.57843
1.58442
1.59102
1.59871
1.60732
1.61633
1.62513
1.63326
1.64056
1.64732
1.65417
1.66162
1.66954
1.67696
1.6823
1.68402
1.68103
1.67313
1.66131
1.64787
1.63599
1.62835
1.62554
1.62562
1.62536
1.62236
1.61668
1.6109
1.60834
1.61031
1.61482
1.61777
1.61532
1.60519
1.58672
1.56058
1.52849
1.49326
1.45849
1.42787
1.40425
1.38901
1.38203
1.3821
1.38744
1.39634
1.40812
1.42372
1.44523
1.47429
1.51057
1.5515
1.59292
1.63012
1.65872
1.67568
1.67983
1.67181
1.65374
1.62901
1.60266
1.58207
1.57522
1.58584
1.60987
1.63848
1.66387
1.68214
1.69267
1.69658
1.69548
1.69075
1.68332
1.6739
1.66334
1.65278
1.64339
1.63587
1.63008
1.62516
1.62001
1.61382
1.60622
1.59706
1.58627
1.57401
1.56109
1.54896
1.53928
1.53345
1.53228
1.53603
1.54457
1.5575
1.57401
1.59269
1.61143
1.6278
1.63964
1.64556
1.64516
1.639
1.62852
1.61609
1.60497
1.59861
1.59926
1.6066
1.61802
1.63005
1.63988
1.64601
1.64791
1.64566
1.63953
1.62991
1.61737
1.60293
1.58837
1.5762
1.56911
1.56879
1.57502
1.66409
1.6963
1.72396
1.74441
1.75613
1.75861
1.75235
1.73885
1.72039
1.69943
1.67802
1.65744
1.63867
1.62308
1.61268
1.60889
1.61117
1.61712
1.62409
1.6309
1.63767
1.64427
1.64902
1.64946
1.64402
1.63288
1.61767
1.60085
1.58509
1.57295
1.56629
1.56584
1.57091
1.57965
1.58971
1.59909
1.60667
1.61236
1.6169
1.6215
1.62717
1.6339
1.64045
1.64473
1.64443
1.63773
1.62385
1.60341
1.57855
1.55256
1.5292
1.51179
1.50246
1.50154
1.5074
1.51689
1.52616
1.53166
1.53107
1.5237
1.5104
1.49306
1.47431
1.45723
1.44534
1.44203
1.44909
1.46518
1.48598
1.50628
1.52238
1.53299
1.53884
1.54157
1.54258
1.5422
1.53965
1.53359
1.52306
1.50823
1.49076
1.47343
1.45946
1.45149
1.45076
1.45686
1.46801
1.4818
1.49594
1.509
1.52053
1.53063
1.53935
1.54649
1.55193
1.55598
1.55957
1.56374
1.56906
1.57506
1.58038
1.5832
1.58215
1.5772
1.57017
1.56432
1.56302
1.568
1.57836
1.59126
1.60359
1.61337
1.62002
1.62382
1.62513
1.62403
1.62042
1.61445
1.60712
1.60057
1.5975
1.59964
1.60635
1.61442
1.61958
1.61852
1.61016
1.5958
1.57847
1.56198
1.54987
1.54466
1.54755
1.55852
1.57653
1.59947
1.62421
1.64682
1.66338
1.67081
1.66784
1.65563
1.63762
1.61849
1.60234
1.59128
1.58532
1.58327
1.58364
1.5849
1.58557
1.58462
1.58202
1.57858
1.5753
1.5727
1.571
1.57094
1.57427
1.58246
1.59489
1.6086
1.61994
1.62649
1.62742
1.62306
1.61424
1.60202
1.58769
1.57282
1.55923
1.54878
1.54305
1.54283
1.54783
1.55666
1.56734
1.57811
1.5881
1.59727
1.60575
1.61303
1.6178
1.61846
1.61373
1.60311
1.58694
1.56649
1.54389
1.52189
1.50341
1.49086
1.48531
1.48615
1.49139
1.49848
1.50513
1.50975
1.5115
1.51009
1.50563
1.49844
1.48897
1.47769
1.46507
1.4517
1.43853
1.42709
1.41945
1.41768
1.42291
1.4347
1.45095
1.4688
1.48554
1.49928
1.50908
1.51494
1.51754
1.51786
1.51666
1.51384
1.50837
1.49902
1.48575
1.47053
1.45701
1.44923
1.44968
1.45805
1.47146
1.48571
1.49686
1.50231
1.50117
1.49413
1.483
1.47015
1.45798
1.44866
1.44382
1.44422
1.44944
1.4577
1.46631
1.47235
1.47364
1.46932
1.45995
1.44703
1.43252
1.41858
1.40765
1.40233
1.40459
1.415
1.43217
1.45299
1.47341
1.4896
1.49907
1.50156
1.49925
1.49604
1.49605
1.50215
1.51518
1.53417
1.55686
1.58038
1.60176
1.6184
1.62855
1.63151
1.62777
1.61892
1.60738
1.59599
1.58734
1.5831
1.58358
1.58794
1.59471
1.60247
1.61034
1.61824
1.62663
1.63592
1.64586
1.65563
1.6644
1.67165
1.67709
1.68034
1.68083
1.67794
1.671
1.6593
1.6421
1.619
1.5906
1.5594
1.53008
1.50845
1.4987
1.50065
1.50999
1.52126
1.53066
1.53674
1.53968
1.54038
1.53993
1.53948
1.54013
1.5426
1.547
1.55243
1.55696
1.55817
1.55436
1.54603
1.5367
1.53182
1.53589
1.54935
1.5687
1.58908
1.6064
1.61779
1.62138
1.61626
1.60262
1.58186
1.55655
1.53041
1.50777
1.49272
1.48809
1.49471
1.51134
1.5351
1.56222
1.58866
1.61073
1.62588
1.63336
1.63456
1.63268
1.63151
1.63387
1.64036
1.64913
1.65685
1.66022
1.65735
1.64841
1.6356
1.62237
1.61222
1.60751
1.60864
1.61419
1.6217
1.62891
1.63434
1.63718
1.63695
1.6333
1.62617
1.61589
1.60323
1.58928
1.57538
1.56329
1.5553
1.55356
1.55893
1.57017
1.5841
1.59666
1.60398
1.60313
1.59294
1.57433
1.5501
1.52406
1.49995
1.48082
1.46924
1.46779
1.4788
1.50323
1.53934
1.58274
1.6279
1.66989
1.70534
1.73236
1.74983
1.75677
1.752
1.73444
1.70385
1.66183
1.61247
1.56215
1.51848
1.48853
1.47695
1.48441
1.50727
1.53915
1.57339
1.60482
1.63004
1.64714
1.65533
1.655
1.64765
1.63567
1.6216
1.60728
1.59345
1.58009
1.5671
1.55499
1.5451
1.53915
1.53805
1.54121
1.5469
1.55342
1.55999
1.5667
1.57394
1.58208
1.59141
1.60218
1.61444
1.62767
1.64087
1.65304
1.66364
1.67263
1.68024
1.68662
1.69172
1.69535
1.69734
1.69769
1.6966
1.69426
1.69064
1.68532
1.67757
1.66661
1.65189
1.6332
1.6108
1.58562
1.55975
1.53714
1.5229
1.52032
1.52798
1.54109
1.55537
1.56917
1.5827
1.59659
1.61104
1.62583
1.64035
1.65366
1.6645
1.67155
1.6738
1.67097
1.66365
1.65325
1.64174
1.63115
1.62296
1.61731
1.61256
1.60572
1.59356
1.57397
1.54709
1.51594
1.48634
1.46506
1.45656
1.46057
1.4729
1.48821
1.50247
1.51377
1.52218
1.66249
1.69279
1.72176
1.7491
1.77441
1.79758
1.81887
1.83833
1.85488
1.86567
1.86672
1.85455
1.82781
1.78858
1.74229
1.69621
1.65754
1.63306
1.62823
1.64293
1.6691
1.69606
1.71737
1.73194
1.74104
1.74576
1.7465
1.74363
1.73832
1.73246
1.72838
1.72827
1.73344
1.74373
1.75729
1.77103
1.78162
1.78665
1.78531
1.77832
1.76687
1.75177
1.73422
1.71728
1.70576
1.70359
1.71099
1.72395
1.73631
1.74259
1.73976
1.72787
1.70944
1.68802
1.66658
1.64638
1.62701
1.60735
1.58676
1.56565
1.54526
1.52709
1.51252
1.50243
1.49722
1.49704
1.50197
1.51209
1.52715
1.54613
1.56707
1.58728
1.60388
1.61463
1.61868
1.61703
1.61237
1.60838
1.60872
1.6161
1.6317
1.65462
1.68147
1.70695
1.72535
1.73206
1.72455
1.70296
1.67128
1.63829
1.61571
1.6123
1.62913
1.66077
1.69939
1.73731
1.76814
1.7873
1.7923
1.7826
1.75935
1.72515
1.68403
1.64105
1.60138
1.56899
1.54564
1.53076
1.52258
1.51941
1.52056
1.52637
1.5375
1.55402
1.57483
1.59765
1.61976
1.63912
1.65489
1.66708
1.67568
1.68017
1.67992
1.67494
1.66637
1.65635
1.64761
1.6427
1.64322
1.64914
1.65902
1.67073
1.68229
1.6924
1.70042
1.70585
1.70788
1.70524
1.6966
1.68123
1.65972
1.63453
1.60978
1.59057
1.58144
1.58458
1.59881
1.62048
1.64535
1.67008
1.6925
1.71119
1.7249
1.73239
1.73262
1.72534
1.71165
1.69385
1.67464
1.65606
1.63897
1.62332
1.60866
1.59454
1.5808
1.5681
1.5584
1.55457
1.55893
1.57143
1.58911
1.6074
1.6224
1.63226
1.637
1.63741
1.63382
1.62561
1.61188
1.59268
1.56976
1.54649
1.52654
1.51217
1.50331
1.49818
1.49487
1.49278
1.49284
1.49657
1.50484
1.51713
1.53189
1.54726
1.56174
1.5745
1.58565
1.59612
1.60729
1.62047
1.63642
1.65508
1.67549
1.69599
1.71445
1.72862
1.73652
1.73682
1.72904
1.71385
1.69328
1.67084
1.65069
1.63598
1.62754
1.62393
1.62326
1.6246
1.62804
1.63347
1.63982
1.64561
1.65045
1.6559
1.66434
1.67664
1.69132
1.70584
1.71865
1.72984
1.74055
1.75172
1.76303
1.77286
1.7791
1.78021
1.77584
1.76672
1.75399
1.73865
1.72149
1.70329
1.68484
1.66688
1.64977
1.63344
1.61771
1.60258
1.58857
1.57675
1.56875
1.56663
1.57215
1.58556
1.60458
1.62489
1.64187
1.65235
1.65527
1.65118
1.64118
1.62623
1.60706
1.58477
1.5614
1.54029
1.52589
1.52219
1.53079
1.54967
1.57417
1.59922
1.62106
1.63788
1.64956
1.65716
1.66239
1.66721
1.67344
1.68211
1.6929
1.70399
1.71278
1.71711
1.71603
1.71
1.70054
1.6895
1.67851
1.66849
1.65957
1.65122
1.64254
1.63275
1.62163
1.60992
1.59927
1.59144
1.58706
1.58502
1.58311
1.57942
1.57347
1.56635
1.56023
1.55734
1.55908
1.56556
1.57558
1.58693
1.59684
1.60252
1.60201
1.59485
1.58267
1.56897
1.55822
1.55424
1.55857
1.56975
1.58429
1.59837
1.60979
1.61964
1.63229
1.65166
1.67591
1.69753
1.70884
1.70639
1.69155
1.66961
1.64862
1.63724
1.64094
1.6588
1.68391
1.70723
1.72143
1.72305
1.71292
1.69531
1.67636
1.66216
1.65734
1.66422
1.68213
1.70738
1.7344
1.75771
1.77358
1.78066
1.77968
1.77282
1.7628
1.75204
1.74185
1.73211
1.72138
1.70754
1.6889
1.66512
1.63795
1.61172
1.59291
1.58822
1.60112
1.62897
1.66362
1.69552
1.71802
1.72909
1.73046
1.72564
1.71826
1.71119
1.70615
1.70358
1.70301
1.70362
1.70476
1.70612
1.70762
1.70891
1.70906
1.70645
1.69911
1.68563
1.66647
1.64478
1.62553
1.61334
1.6103
1.61543
1.62561
1.637
1.64613
1.6506
1.64937
1.6428
1.63253
1.62069
1.60894
1.59775
1.58649
1.57447
1.56192
1.55037
1.54201
1.53864
1.54085
1.54782
1.55785
1.5692
1.5807
1.59192
1.6028
1.61314
1.62222
1.62869
1.63093
1.62756
1.61816
1.6036
1.58598
1.56822
1.55341
1.54403
1.54153
1.54614
1.55705
1.57269
1.59103
1.60974
1.62641
1.63884
1.64541
1.64557
1.64015
1.63138
1.62234
1.61593
1.61392
1.61659
1.62298
1.63145
1.63992
1.64631
1.64913
1.64846
1.6466
1.64717
1.65244
1.66158
1.67297
1.68799
1.71039
1.74061
1.77297
1.79923
1.81344
1.81395
1.803
1.78563
1.7678
1.7542
1.74648
1.74267
1.73818
1.7278
1.70789
1.67818
1.64305
1.61123
1.59259
1.59264
1.60908
1.63387
1.65866
1.67851
1.69222
1.70081
1.70588
1.70872
1.71013
1.71079
1.71171
1.71412
1.71914
1.72745
1.73923
1.75397
1.77024
1.78562
1.79716
1.80212
1.79869
1.78651
1.76667
1.74152
