-5.53402
-5.49831
-5.43838
-5.3535
-5.24257
-5.10413
-4.93654
-4.73815
-4.50762
-4.2443
-3.94881
-3.62375
-3.27435
-2.90911
-2.53986
-2.18103
-1.84806
-1.55512
-1.3129
-1.12714
-0.998316
-0.922378
-0.892055
-0.898279
-0.931409
-0.982147
-1.04221
-1.10474
-1.16454
-1.21813
-1.26376
-1.30106
-1.33071
-1.35394
-1.37192
-1.38538
-1.39431
-1.39796
-1.39495
-1.38367
-1.36266
-1.33106
-1.28901
-1.23785
-1.18008
-1.11907
-1.05856
-1.0022
-0.953216
-0.914152
-0.886762
-0.871881
-0.869389
-0.878196
-0.896375
-0.921406
-0.950351
-0.980131
-1.00778
-1.03069
-1.04702
-1.05584
-1.05723
-1.05226
-1.0427
-1.03067
-1.01832
-1.00753
-0.999927
-0.996954
-0.99979
-1.00914
-1.02491
-1.04603
-1.07056
-1.09621
-1.12084
-1.14291
-1.16168
-1.17718
-1.19004
-1.2012
-1.21164
-1.22216
-1.23316
-1.24462
-1.25611
-1.26689
-1.27603
-1.28258
-1.2857
-1.28476
-1.27955
-1.27035
-1.25804
-1.24394
-1.22965
-1.21673
-1.20639
-1.19919
-1.19491
-1.19251
-1.1904
-1.18682
-1.18027
-1.16981
-1.15523
-1.13691
-1.11531
-1.09054
-1.0621
-1.02905
-0.990564
-0.946443
-0.897408
-0.845227
-0.79251
-0.742331
-0.697774
-0.661527
-0.635557
-0.620747
-0.616721
-0.621881
-0.633785
-0.649822
-0.66782
-0.68645
-0.705247
-0.724454
-0.74478
-0.767069
-0.792041
-0.82005
-0.850905
-0.883843
-0.917666
-0.951015
-0.982781
-1.01246
-1.04016
-1.06636
-1.09138
-1.1149
-1.13582
-1.1527
-1.16431
-1.17004
-1.16992
-1.16467
-1.15557
-1.14447
-1.13377
-1.12628
-1.125
-1.13275
-1.15157
-1.18215
-1.2234
-1.2723
-1.32439
-1.37462
-1.41834
-1.45203
-1.47367
-1.48272
-1.47983
-1.46657
-1.44504
-1.41768
-1.38698
-1.35541
-1.32517
-1.2981
-1.27553
-1.25824
-1.24636
-1.23944
-1.23643
-1.23587
-1.23614
-1.23578
-1.2337
-1.22934
-1.22266
-1.21402
-1.20418
-1.1942
-1.18536
-1.17911
-1.17691
-1.17989
-1.18848
-1.20218
-1.21941
-1.23794
-1.25535
-1.26965
-1.27957
-1.28466
-1.28523
-1.28211
-1.27643
-1.26939
-1.26212
-1.25555
-1.25031
-1.24673
-1.2447
-1.24367
-1.24286
-1.24131
-1.23811
-1.23253
-1.22417
-1.21287
-1.19886
-1.18272
-1.16526
-1.14739
-1.12985
-1.11297
-1.09655
-1.07978
-1.0615
-1.0406
-1.01664
-0.990369
-0.964128
-0.941402
-0.92564
-0.918769
-0.920495
-0.928808
-0.941215
-0.955981
-0.972719
-0.992474
-1.01719
-1.04894
-1.0891
-1.13761
-1.19264
-1.25069
-1.30725
-1.35763
-1.39777
-1.42483
-1.43738
-1.43537
-1.42005
-1.39365
-1.35916
-1.31992
-1.27928
-1.24011
-1.20443
-1.17319
-1.14648
-1.12397
-1.10541
-1.09102
-1.08143
-1.07721
-1.07841
-1.08415
-1.09267
-1.10178
-1.10959
-1.11511
-1.11868
-1.12192
-1.12727
-1.13738
-1.15416
-1.17811
-1.20797
-1.24107
-1.27429
-1.30485
-1.33073
-1.35072
-1.36417
-1.37073
-1.37028
-1.36283
-1.3485
-1.32755
-1.30043
-1.26779
-1.23059
-1.19015
-1.14814
-1.10648
-1.06706
-1.03151
-1.00094
-0.975852
-0.95625
-0.941852
-0.932376
-0.927797
-0.928415
-0.934776
-0.947282
-0.96569
-0.988699
-1.01398
-1.03869
-1.06037
-1.0779
-1.09211
-1.10583
-1.12286
-1.14597
-1.17469
-1.20477
-1.22996
-1.2452
-1.24867
-1.24202
-1.22928
-1.21525
-1.20406
-1.19849
-1.19968
-1.20723
-1.21947
-1.23384
-1.24726
-1.25666
-1.2596
-1.2547
-1.24185
-1.22211
-1.19753
-1.17074
-1.14458
-1.12183
-1.10493
-1.09567
-1.09507
-1.10342
-1.12037
-1.145
-1.17596
-1.21157
-1.24994
-1.289
-1.32668
-1.36103
-1.39035
-1.41344
-1.42979
-1.43966
-1.44395
-1.44402
-1.44146
-1.43781
-1.43438
-1.43198
-1.43067
-1.4297
-1.42761
-1.42258
-1.4128
-1.39695
-1.37444
-1.34561
-1.31154
-1.27371
-1.23354
-1.19216
-1.15017
-1.10763
-1.0641
-1.01885
-0.971087
-0.920467
-0.867719
-0.81521
-0.766933
-0.727705
-0.701766
-0.69158
-0.697527
-0.718436
-0.752358
-0.797076
-0.850237
-0.909228
-0.971043
-1.03233
-1.08961
-1.1397
-1.18025
-1.21006
-1.22913
-1.23852
-1.23999
-1.23558
-1.22707
-1.21565
-1.20178
-1.18532
-1.16594
-1.14341
-1.11803
-1.09065
-1.06271
-1.03623
-1.01347
-0.996615
-0.987258
-0.985991
-0.992164
-1.00402
-1.01903
-1.03443
-1.04775
-1.05727
-1.0622
-1.06268
-1.0595
-1.05375
-1.04629
-1.0375
-1.02714
-1.01448
-0.99875
-0.979702
-0.958261
-0.937165
-0.921151
-0.916011
-0.926328
-0.95289
-0.991874
-1.03669
-1.08086
-1.12007
-1.15247
-1.17811
-1.198
-1.21334
-1.22494
-1.23297
-1.23699
-1.23613
-1.22953
-1.21675
-1.19802
-1.17431
-1.14703
-1.11761
-1.08724
-1.05688
-1.02748
-1.0002
-0.976413
-0.957644
-0.945098
-0.939433
-0.940609
-0.947865
-0.959986
-0.975574
-0.993273
-1.01187
-1.03027
-1.04747
-1.06243
-1.07414
-1.08161
-1.08394
-1.08046
-1.07067
-1.05433
-1.03154
-1.00295
-0.969784
-0.933875
-0.897357
-0.862229
-0.829861
-0.800853
-0.775287
-0.753165
-0.734942
-0.721678
-0.714834
-0.715722
-0.724903
-0.741804
-0.764686
-0.79084
-0.816946
-0.839554
-0.855564
-0.862672
-0.444557
-0.403678
-0.316256
-0.186743
-0.021261
0.172919
0.387378
0.612045
0.834612
1.04073
1.21544
1.34528
1.42047
1.43631
1.39371
1.29961
1.16789
1.01888
0.875781
0.759276
0.683137
0.652266
0.662728
0.703566
0.760322
0.819607
0.872665
0.916275
0.951164
0.980137
1.00695
1.03576
1.07021
1.11234
1.1618
1.21606
1.27119
1.32273
1.36593
1.39586
1.40783
1.39849
1.36715
1.31635
1.25137
1.17915
1.1069
1.04105
0.986249
0.944912
0.917284
0.902352
0.899107
0.907309
0.927322
0.959347
1.00297
1.05694
1.11883
1.18406
1.24493
1.29068
1.30966
1.2935
1.24121
1.16036
1.06409
0.965953
0.87589
0.799323
0.739011
0.697293
0.677017
0.680998
0.710646
0.765013
0.840195
0.929171
1.02219
1.10783
1.17516
1.21631
1.22813
1.21203
1.17218
1.11352
1.04047
0.956442
0.864254
0.767443
0.671955
0.586829
0.52251
0.48772
0.486926
0.519566
0.580679
0.662015
0.75331
0.843788
0.92393
0.987143
1.03052
1.0546
1.06275
1.06024
1.0531
1.04693
1.04604
1.05303
1.06888
1.09317
1.12422
1.15902
1.1932
1.22125
1.23743
1.23715
1.21852
1.18351
1.13757
1.08816
1.04252
1.00596
0.980725
0.96559
0.95643
0.947943
0.93594
0.918684
0.896614
0.871227
0.844164
0.816975
0.790962
0.767047
0.74563
0.726376
0.707967
0.688129
0.664123
0.634014
0.598379
0.561226
0.52914
0.50893
0.505095
0.518353
0.54565
0.581127
0.617724
0.64911
0.671334
0.6835
0.687289
0.685842
0.682677
0.681256
0.684881
0.696262
0.71662
0.744869
0.777861
0.811602
0.843107
0.871676
0.898627
0.925498
0.951943
0.975123
0.990967
0.99622
0.990016
0.974086
0.951802
0.926884
0.902348
0.879977
0.860445
0.843722
0.829575
0.817974
0.808966
0.802194
0.796474
0.789964
0.781146
0.769924
0.758064
0.748595
0.744465
0.747714
0.759589
0.781344
0.814573
0.860365
0.917707
0.982868
1.0506
1.11637
1.17777
1.23383
1.28316
1.32224
1.34535
1.34621
1.32034
1.26678
1.18833
1.09089
0.982229
0.871164
0.76676
0.677638
0.611063
0.571975
0.562124
0.579716
0.620011
0.677288
0.746911
0.825841
0.911224
0.998441
1.08041
1.14873
1.19584
1.21735
1.21331
1.18793
1.14783
1.09994
1.04978
1.00064
0.953617
0.908547
0.865628
0.826781
0.796003
0.778049
0.776327
0.791116
0.819473
0.856977
0.900155
0.947552
0.998309
1.04981
1.09683
1.1331
1.15409
1.15851
1.14796
1.12533
1.09366
1.05563
1.01374
0.970257
0.92683
0.884212
0.843068
0.805481
0.776087
0.761647
0.769318
0.804573
0.869647
0.962651
1.07715
1.20214
1.32298
1.42414
1.49357
1.52624
1.52493
1.49785
1.45556
1.40811
1.36328
1.32542
1.29501
1.2689
1.24163
1.20778
1.16458
1.11364
1.06082
1.01397
0.980059
0.96293
0.962569
0.975834
0.998156
1.02531
1.05436
1.08336
1.11067
1.13451
1.15335
1.16662
1.17537
1.18185
1.18797
1.19339
1.19433
1.18441
1.15803
1.11413
1.05773
0.997893
0.944153
0.903742
0.880525
0.875369
0.88739
0.915459
0.959015
1.01739
1.08794
1.16457
1.23796
1.29765
1.33544
1.34852
1.34072
1.32093
1.29951
1.28444
1.27911
1.28231
1.29003
1.29778
1.30222
1.30149
1.2947
1.28167
1.2635
1.24284
1.22265
1.20387
1.18351
1.15512
1.11199
1.05137
0.976839
0.89676
0.820314
0.754024
0.700583
0.659899
0.630763
0.612189
0.603389
0.602957
0.608171
0.615472
0.621993
0.627136
0.632809
0.642314
0.658621
0.682927
0.714199
0.749685
0.785913
0.819937
0.850294
0.877402
0.902973
0.928686
0.954605
0.978364
0.99586
1.00345
1.00018
0.988665
0.974055
0.962398
0.958987
0.966991
0.986516
1.01437
1.04477
1.07107
1.08793
1.09297
1.08698
1.07274
1.05342
1.03162
1.00955
0.989858
0.976234
0.973055
0.984333
1.01226
1.05623
1.11261
1.17525
1.2367
1.2896
1.32784
1.34733
1.34669
1.32779
1.29608
1.2598
1.22793
1.20781
1.20351
1.21537
1.24031
1.27263
1.30528
1.33145
1.34579
1.34484
1.32712
1.29399
1.25017
1.20284
1.15857
1.12005
1.08502
1.04878
1.00849
0.9653
0.922677
0.883526
0.84928
0.82113
0.801528
0.794127
0.801298
0.820225
0.841047
0.850904
0.843083
0.823142
0.80527
0.803022
0.822657
0.861779
0.911958
0.963159
1.00756
1.04126
1.06373
1.07621
1.08041
1.07791
1.07013
1.05815
1.04195
1.01977
0.988696
0.947037
0.897084
0.845505
0.80076
0.769525
0.754451
0.754223
0.765129
0.782885
0.803907
0.825648
0.846212
0.863521
0.874765
0.876582
0.865898
0.841257
0.804083
0.75916
0.713994
0.677135
0.656188
0.656218
0.678836
0.722099
0.781168
0.849611
0.92118
0.99112
1.05652
1.11591
1.16841
1.21269
1.24612
1.26464
1.26383
1.2409
1.19633
1.13427
1.06139
0.98503
0.911604
0.845661
0.79003
0.860466
0.805966
0.791132
0.819685
0.892965
1.00904
1.16179
1.34004
1.52735
1.70322
1.84627
1.93906
1.9728
1.94982
1.88253
1.78907
1.6877
1.59187
1.50802
1.4365
1.37409
1.31688
1.2621
1.20894
1.15868
1.11431
1.07939
1.05655
1.04604
1.04576
1.0536
1.07078
1.10284
1.1562
1.23254
1.32463
1.41799
1.49942
1.56508
1.61887
1.664
1.69797
1.71423
1.70744
1.67831
1.63482
1.58974
1.55656
1.54639
1.5657
1.61535
1.69096
1.7841
1.88412
1.98005
2.06251
2.12513
2.1642
2.17644
2.15836
2.11121
2.04699
1.98505
1.93974
1.91218
1.89446
1.88026
1.86963
1.86504
1.86657
1.8713
1.87533
1.87596
1.8729
1.86862
1.86728
1.87257
1.88561
1.90406
1.92273
1.93505
1.9351
1.91973
1.89025
1.85257
1.8153
1.78652
1.77118
1.77023
1.78134
1.8005
1.82325
1.84541
1.86351
1.87515
1.87931
1.87618
1.86647
1.85055
1.82796
1.79774
1.7591
1.7122
1.6585
1.601
1.54428
1.49391
1.45522
1.43169
1.4237
1.42841
1.44082
1.45556
1.46825
1.47585
1.47605
1.46687
1.44717
1.41755
1.38053
1.33906
1.29405
1.24333
1.18417
1.11785
1.05166
0.996086
0.960013
0.946177
0.946354
0.941574
0.917151
0.882462
0.866432
0.892848
0.966333
1.07462
1.19504
1.30108
1.37077
1.39536
1.38245
1.35072
1.32052
1.30674
1.31597
1.34678
1.39238
1.44424
1.49604
1.54588
1.5958
1.649
1.70676
1.76716
1.82599
1.879
1.92414
1.96219
1.99551
2.02531
2.04923
2.06109
2.05398
2.02477
1.97644
1.91638
1.85298
1.79389
1.74597
1.71564
1.70806
1.7259
1.76797
1.82913
1.90101
1.97326
2.03455
2.07383
2.08202
2.05474
1.99459
1.91098
1.81656
1.7225
1.63558
1.55808
1.48983
1.43059
1.38147
1.34525
1.32603
1.32835
1.35558
1.40757
1.4782
1.55427
1.61758
1.6501
1.63987
1.58501
1.4937
1.38021
1.2595
1.14359
1.0407
0.956027
0.892907
0.853571
0.839524
0.851361
0.888013
0.945481
1.01597
1.08841
1.15135
1.19744
1.22647
1.24536
1.26496
1.296
1.34571
1.41581
1.50173
1.59286
1.67403
1.72885
1.74455
1.71685
1.65154
1.56131
1.45998
1.35854
1.26508
1.18705
1.13235
1.10765
1.11489
1.14918
1.19963
1.25377
1.30265
1.34325
1.37669
1.4045
1.42623
1.43941
1.44081
1.42772
1.39918
1.35682
1.30527
1.25176
1.20463
1.17073
1.15125
1.13803
1.11619
1.07711
1.02976
0.993871
0.982365
0.992437
1.00997
1.02089
1.0214
1.01949
1.02803
1.05702
1.11038
1.18536
1.27262
1.35718
1.42189
1.45326
1.44706
1.41007
1.35693
1.30422
1.26554
1.24925
1.25844
1.29161
1.34324
1.40458
1.46522
1.51589
1.55086
1.56821
1.56821
1.55174
1.52054
1.47859
1.4329
1.39283
1.36832
1.36768
1.39606
1.45455
1.53912
1.63879
1.73438
1.80336
1.83231
1.82496
1.79483
1.75239
1.70063
1.63894
1.56826
1.49324
1.42119
1.35948
1.31312
1.28396
1.27132
1.27308
1.2863
1.30682
1.32822
1.34174
1.33902
1.31723
1.28217
1.24537
1.21762
1.20382
1.20218
1.20727
1.21473
1.22476
1.24198
1.27242
1.31964
1.38238
1.45363
1.52113
1.57034
1.59057
1.58019
1.5459
1.4971
1.44099
1.38123
1.31885
1.25392
1.18727
1.12184
1.06301
1.01729
0.989985
0.983308
0.995651
1.02243
1.05785
1.09697
1.13719
1.1783
1.22125
1.26639
1.31227
1.35525
1.39034
1.41304
1.42181
1.4198
1.41378
1.40995
1.40866
1.40325
1.38582
1.35505
1.31745
1.28162
1.25282
1.23146
1.2144
1.19742
1.17734
1.15316
1.12585
1.09748
1.07028
1.04588
1.02486
1.0063
0.98834
0.969569
0.950817
0.935671
0.929274
0.936416
0.96003
1.0001
1.05267
1.10945
1.15964
1.19463
1.21334
1.22302
1.23437
1.2544
1.28176
1.3072
1.32015
1.3179
1.30916
1.30841
1.32789
1.37395
1.44763
1.54598
1.66249
1.78716
1.90753
2.0112
2.08898
2.13684
2.15547
2.14887
2.12266
2.082
2.02845
1.95825
1.86442
1.74249
1.59526
1.43306
1.27093
1.12524
1.01059
0.936824
0.907257
0.918956
0.96425
1.03152
1.10372
1.15638
1.16356
1.1155
1.02937
0.935975
0.859267
0.809402
0.786563
0.78628
0.803112
0.832589
0.8716
0.917573
0.967376
1.01698
1.06245
1.10162
1.13518
1.16609
1.19796
1.2332
1.27263
1.3164
1.36457
1.41621
1.46812
1.5151
1.55142
1.57257
1.57622
1.56191
1.53046
1.48357
1.42431
1.3579
1.29176
1.23411
1.19184
1.16901
1.16631
1.18136
1.20894
1.24091
1.26641
1.27435
1.25839
1.22099
1.17208
1.12332
1.0834
1.05681
1.04499
1.04779
1.06447
1.09394
1.13439
1.1824
1.23195
1.27451
1.30119
1.3068
1.29257
1.26509
1.19346
1.10915
1.0502
1.02119
1.0234
1.0546
1.10912
1.17891
1.25545
1.33197
1.40421
1.46894
1.52134
1.55479
1.56512
1.55537
1.53485
1.51282
1.49312
1.47526
1.46037
1.45491
1.46716
1.50129
1.55516
1.62212
1.69335
1.75946
1.81188
1.84442
1.85503
1.84646
1.82519
1.7989
1.77376
1.75296
1.7364
1.72138
1.70399
1.68149
1.65466
1.62834
1.61001
1.60742
1.62635
1.66888
1.7323
1.80908
1.88817
1.9574
2.00646
2.02942
2.02641
2.00381
1.97273
1.94612
1.93532
1.94708
1.98256
2.0379
2.10581
2.17687
2.24017
2.28363
2.2961
2.2723
2.21797
2.14854
2.08121
2.02739
1.99035
1.96727
1.95303
1.94372
1.93895
1.94183
1.95664
1.98589
2.02799
2.0766
2.12178
2.15277
2.16144
2.14476
2.10523
2.04943
1.98581
1.92199
1.8626
1.8089
1.7605
1.71737
1.68032
1.64972
1.62428
1.60086
1.57601
1.54836
1.51987
1.49553
1.48146
1.48176
1.49575
1.51676
1.53369
1.53567
1.51807
1.4851
1.44691
1.41361
1.391
1.38015
1.37977
1.38853
1.40596
1.43193
1.46524
1.50171
1.53349
1.5514
1.55012
1.533
1.51182
1.50103
1.51083
1.54365
1.59427
1.65218
1.70493
1.74134
1.75383
1.73926
1.69847
1.63573
1.55863
1.47806
1.40714
1.35869
1.3421
1.36038
1.40851
1.47408
1.5413
1.59708
1.63559
1.65783
1.66802
1.67097
1.67163
1.67482
1.68359
1.69763
1.71381
1.72873
1.74089
1.7498
1.75278
1.74389
1.71855
1.6799
1.63894
1.60761
1.59312
1.59726
1.61846
1.6538
1.6996
1.75133
1.80337
1.84928
1.88268
1.89851
1.8945
1.87228
1.83707
1.79591
1.75486
1.71693
1.6823
1.65084
1.62484
1.60907
1.60879
1.62758
1.66626
1.72263
1.7915
1.865
1.93349
1.98715
2.01843
2.02459
2.00867
1.97814
1.94198
1.90793
1.8814
1.86543
1.8612
1.86856
1.88645
1.91324
1.94708
1.98614
2.02806
2.06932
2.10447
2.1265
2.12881
2.10807
2.06661
2.01189
1.95346
1.89987
1.85695
1.82747
1.81136
1.80651
1.80989
1.81938
1.83567
1.86233
1.90293
1.95665
2.01587
2.06761
2.09868
2.10185
2.07939
2.04183
2.00326
1.97614
1.96808
1.98107
2.01205
2.05466
2.10103
2.14329
2.17459
2.18992
2.18741
2.16939
2.14257
2.11653
2.10105
2.10313
2.12494
2.16374
2.21372
2.26787
2.31857
2.3572
2.37501
2.36563
2.32798
2.26761
2.19543
2.12484
2.0679
2.03164
2.01551
2.01113
2.00512
1.9842
1.93998
1.87105
1.78192
1.6809
1.5781
1.48374
1.40652
1.35225
1.32308
1.31728
1.32948
1.35148
1.37392
1.38856
1.39051
1.37913
1.35743
1.33019
1.30185
1.27483
1.24898
1.22252
1.1942
1.16514
1.13835
1.11662
1.1015
1.09393
1.0952
1.10707
1.13148
1.17031
1.22551
1.29897
1.39114
1.49882
1.61256
1.71583
1.78906
1.81933
1.80926
1.77486
1.73433
1.69925
1.67358
1.65671
1.64635
1.63961
1.63321
1.62413
1.61042
1.59234
1.57324
1.55969
1.55942
1.57706
1.60958
1.64421
1.6623
1.65005
1.60822
1.5504
1.49296
1.44867
1.42626
1.43143
1.46667
1.5305
1.61724
1.71709
1.81677
1.90126
1.95694
1.9749
1.95324
1.89701
1.81641
1.72441
1.63452
1.55881
1.50541
1.47625
1.46603
1.46385
1.45744
1.43843
1.4062
1.36796
1.3352
1.31854
1.32344
1.34829
1.38498
1.42184
1.44753
1.45494
1.44344
1.4183
1.3876
1.35845
1.33519
1.31998
1.31417
1.31883
1.33416
1.35888
1.39024
1.4247
1.45813
1.48506
1.49846
1.49204
1.46427
1.42079
1.37297
1.33429
1.31701
1.32955
1.37416
1.44602
1.53418
1.62487
1.70521
1.76495
1.79549
1.78833
1.73622
1.63745
1.49983
1.33984
1.17707
1.02827
0.904672
0.812742
0.75652
0.739688
0.766212
0.839086
0.957656
1.1146
1.29421
1.47338
1.62586
1.7285
1.76719
1.74152
1.66541
1.56111
1.45057
1.35036
1.27129
1.2198
1.19865
1.20679
1.23919
1.28786
1.34444
1.403
1.461
1.51812
1.5738
1.62536
1.66747
1.69413
1.70244
1.69497
1.67786
1.65655
1.63325
1.6076
1.57857
1.54548
1.50786
1.46527
1.41808
1.36853
1.32033
1.27697
1.24015
1.20982
1.18526
1.16614
1.1528
1.14591
1.14593
1.15263
1.16509
1.18243
1.20464
1.23301
1.26969
1.31684
1.37582
1.44668
1.52791
1.61578
1.7027
1.77503
1.81565
1.81485
1.77949
1.72688
1.67045
1.61415
1.55673
1.4969
1.43507
1.37297
1.31329
1.25973
1.2168
1.18893
1.17924
1.18828
1.2136
1.25026
1.29181
1.33184
1.36608
1.39495
1.4246
1.46514
1.52652
1.61408
1.72538
1.84831
1.96204
2.04354
2.07903
2.07123
2.03527
1.98836
1.94254
1.90298
1.86875
1.83464
1.77068
1.65213
1.53915
1.43398
1.33774
1.25029
1.17219
1.10804
1.06798
1.06514
1.11011
1.20537
1.34179
1.49924
1.65254
1.77798
1.85386
1.86253
1.80647
1.71595
1.62699
1.55813
1.51056
1.47961
1.46246
1.45848
1.46625
1.48146
1.49718
1.50538
1.4991
1.47472
1.43382
1.38366
1.33545
1.30053
1.28677
1.2965
1.32682
1.37337
1.43336
1.50243
1.5693
1.6173
1.63403
1.62067
1.59223
1.56951
1.56972
1.60113
1.66206
1.74328
1.83282
1.92124
2.00504
2.08598
2.16748
2.25089
2.33409
2.41243
2.48071
2.53455
2.57111
2.58917
2.58852
2.56896
2.5304
2.47409
2.40405
2.32745
2.25368
2.19222
2.14997
2.12884
2.12457
2.12746
2.12506
2.10565
2.06112
1.98887
1.89341
1.7874
1.68941
1.6184
1.5885
1.6065
1.67029
1.76515
1.86061
1.91763
1.90964
1.83775
1.72324
1.59266
1.47083
1.37827
1.3292
1.33087
1.38411
1.48427
1.62164
1.78189
1.94743
2.10066
2.22847
2.32541
2.39345
2.43812
2.464
2.47218
2.46077
2.42748
2.3725
2.30046
2.21997
2.1408
2.07015
2.01095
1.96342
1.92816
1.90739
1.90333
1.91549
1.93949
1.96775
1.99111
2.00136
1.99396
1.96968
1.93387
1.89386
1.85605
1.82437
1.80086
1.78724
1.7865
1.80295
1.84083
1.90183
1.98273
2.07427
2.16183
2.22812
2.25842
2.24674
2.19854
2.1271
2.04666
1.96804
1.89821
1.84198
1.80365
1.78748
1.79665
1.83126
1.88674
1.95458
2.02541
2.0926
2.15356
2.20867
2.25932
2.30689
2.35186
2.39218
2.42163
2.43116
2.4142
2.37268
2.31797
2.26545
2.22713
2.20783
2.2063
2.21953
2.24666
2.28997
2.3522
2.43265
2.52461
2.61633
2.69564
2.75562
2.79701
2.8257
2.84697
2.86131
2.86425
2.85
2.81596
2.76447
2.70114
2.63213
2.56237
2.4945
2.42836
2.36116
2.28886
2.20805
2.11751
2.0189
1.91663
1.8173
1.72889
1.65935
1.61538
1.60119
1.61781
1.66236
1.72718
1.79987
1.86615
1.91538
1.94533
1.96074
1.96718
1.96643
1.95727
1.93985
1.91815
1.89731
1.87814
1.85485
1.81964
1.77064
1.71425
1.6594
1.6109
1.5679
1.52683
1.48553
1.44618
1.41502
1.39937
1.40406
1.42956
1.47295
1.53012
1.59752
1.6722
1.75124
1.83137
1.90972
1.98468
2.05589
2.12348
2.1868
2.24359
2.2899
2.32018
2.32799
2.30822
2.26132
2.19613
2.12792
2.07206
2.0383
2.02923
2.04254
2.07448
2.12212
2.18289
2.25274
2.32426
2.38565
2.42201
2.42048
2.37716
2.30048
2.20691
2.11317
2.03093
1.96547
1.91674
1.88128
1.85371
1.82792
1.79837
1.76216
1.72108
1.68166
1.65246
1.6402
1.64726
1.67143
1.70753
1.74962
1.79286
1.83483
1.87568
1.91754
1.96335
2.01539
2.07377
2.13518
2.19338
2.24218
2.27959
2.30945
2.33867
2.37245
2.41106
2.44973
2.48084
2.49733
2.49541
2.47585
2.44361
2.40674
2.37489
2.35723
2.35998
2.38389
2.42282
2.46456
2.4944
2.50043
2.47893
2.43588
2.38334
2.33344
2.29251
2.25594
2.20862
2.13853
2.05471
1.98433
1.95137
1.96358
2.01308
2.08048
2.13831
2.15833
2.12465
2.04405
1.94226
1.84983
1.78966
1.7711
1.78967
1.83014
1.87221
1.89672
1.88987
1.84574
1.7681
1.67047
1.57186
1.4898
1.43537
1.41178
1.41576
1.43987
1.47529
1.51452
1.55373
1.59376
1.63942
1.6969
1.77048
1.85942
1.95594
2.04418
2.10183
2.10705
2.05047
1.9441
1.81753
1.70274
1.62028
1.57499
1.56022
1.56469
1.57742
1.59011
1.59819
1.60088
1.60001
1.59828
1.59767
1.59882
1.60183
1.60776
1.61969
1.64273
1.68291
1.74389
1.82249
1.90669
1.97903
2.02453
2.03751
2.02267
1.99113
1.95566
1.92744
1.91419
1.91912
1.94073
1.97365
2.01097
2.04757
2.08255
2.11821
2.15643
2.19545
2.22946
2.25097
2.25436
2.23841
2.20659
2.16503
2.11971
2.07454
2.03113
1.99005
1.9525
1.92151
1.90195
1.89925
1.91743
1.957
2.01397
2.08021
2.14515
2.19817
2.23096
2.23903
2.22205
2.18317
2.12802
2.06382
1.99863
1.94064
1.89721
1.87349
1.87087
1.88593
1.91073
1.93489
1.94913
1.9482
1.93188
1.90368
1.86923
1.83533
1.80878
1.79408
1.79029
1.78913
1.77827
1.75085
1.71104
1.66472
1.60606
1.52216
1.41405
1.30453
1.22231
1.18553
1.19757
1.2493
1.32309
1.3989
1.46161
1.50673
1.54162
1.5814
1.64207
1.73364
1.8545
1.9879
2.10348
2.16892
2.16869
2.11437
2.03481
1.95691
1.89482
1.85091
1.82141
1.80141
1.78734
1.77704
1.76834
1.75791
1.74167
1.71627
1.68002
1.63304
1.57782
1.52005
1.46852
1.43342
1.42378
1.445
1.4976
1.57713
1.67523
1.78169
