1.1
1.09894
1.09576
1.09035
1.08252
1.07197
1.05831
1.0411
1.0198
0.99388
0.96287
0.926499
0.884832
0.838412
0.788389
0.736587
0.685401
0.637515
0.595491
0.561327
0.536145
0.520109
0.512532
0.51213
0.517284
0.526279
0.53748
0.549454
0.561051
0.571446
0.580138
0.586943
0.59195
0.59544
0.59778
0.599323
0.600315
0.600847
0.60084
0.60006
0.598182
0.594886
0.589949
0.58332
0.575161
0.565866
0.556015
0.546267
0.537276
0.529616
0.52373
0.519931
0.518366
0.519004
0.521657
0.525978
0.531507
0.537715
0.544037
0.54993
0.554912
0.558625
0.560893
0.561738
0.561358
0.56008
0.558302
0.556424
0.554794
0.5537
0.5534
0.554105
0.555944
0.558913
0.562814
0.5673
0.57194
0.576323
0.580165
0.583321
0.585804
0.587759
0.589393
0.590928
0.592545
0.594347
0.596348
0.598471
0.600569
0.602461
0.603947
0.604845
0.605015
0.604382
0.602968
0.600906
0.598445
0.595888
0.593549
0.591684
0.590436
0.58979
0.589576
0.58953
0.589338
0.588725
0.587525
0.585705
0.583345
0.580548
0.577343
0.573631
0.569202
0.563833
0.557412
0.549997
0.541846
0.533398
0.525205
0.517842
0.511829
0.507558
0.505214
0.504745
0.505869
0.50813
0.511018
0.514103
0.51712
0.519974
0.522718
0.525507
0.528518
0.531908
0.535764
0.540065
0.544674
0.549369
0.553886
0.558005
0.561636
0.56484
0.56776
0.570518
0.573119
0.575412
0.577149
0.578101
0.578129
0.577222
0.575483
0.573118
0.570446
0.567894
0.565978
0.56526
0.566288
0.569488
0.575041
0.582782
0.592175
0.60239
0.612446
0.621408
0.628549
0.63344
0.635955
0.63621
0.63449
0.631188
0.626771
0.621712
0.616476
0.611475
0.607058
0.603477
0.600871
0.599269
0.598591
0.598647
0.599164
0.599832
0.600362
0.600543
0.600263
0.599515
0.598379
0.596995
0.595558
0.594315
0.593545
0.593528
0.594497
0.596559
0.599636
0.603438
0.607521
0.611421
0.614728
0.617176
0.618679
0.619294
0.619182
0.618571
0.617712
0.616838
0.616144
0.615769
0.615786
0.616182
0.61687
0.617697
0.618476
0.619021
0.619171
0.618818
0.617914
0.616473
0.614574
0.612348
0.60994
0.607476
0.605021
0.602536
0.599862
0.596761
0.592988
0.588411
0.583141
0.577601
0.572464
0.568435
0.565962
0.565065
0.565381
0.566416
0.567794
0.569394
0.571399
0.574211
0.578283
0.583957
0.591319
0.600103
0.609708
0.619309
0.628009
0.63501
0.639737
0.64189
0.641438
0.638591
0.633746
0.62745
0.620333
0.613032
0.606092
0.599896
0.594629
0.590285
0.586771
0.584001
0.581974
0.580788
0.580566
0.581329
0.582923
0.585019
0.587187
0.589029
0.590305
0.591026
0.591482
0.592143
0.593531
0.596067
0.599908
0.604873
0.610497
0.616197
0.621447
0.625871
0.629246
0.631477
0.632541
0.632444
0.63121
0.628858
0.625423
0.620959
0.615547
0.609328
0.6025
0.595329
0.588148
0.581293
0.575054
0.569639
0.565144
0.561559
0.558811
0.556831
0.555604
0.555194
0.555722
0.557304
0.559941
0.563429
0.567359
0.571199
0.574459
0.576891
0.57865
0.580297
0.582631
0.586285
0.591283
0.596873
0.601831
0.605051
0.606024
0.604944
0.60252
0.599678
0.597265
0.595869
0.595752
0.59687
0.598929
0.601447
0.60384
0.605506
0.605937
0.604832
0.602145
0.59805
0.592922
0.587265
0.581626
0.57654
0.57247
0.569771
0.568648
0.569168
0.571272
0.574787
0.579472
0.585021
0.591074
0.597254
0.603176
0.608477
0.612838
0.616034
0.617965
0.618679
0.618363
0.617309
0.615863
0.614362
0.613109
0.612299
0.611977
0.612027
0.612182
0.612075
0.611329
0.60964
0.606837
0.602927
0.598062
0.592485
0.586455
0.580158
0.573684
0.567035
0.560109
0.552735
0.544726
0.535962
0.526531
0.516832
0.507593
0.499741
0.494142
0.49134
0.491464
0.494333
0.499596
0.506836
0.51563
0.525519
0.535971
0.546398
0.556177
0.564717
0.571575
0.576524
0.579566
0.580914
0.580931
0.580026
0.578563
0.576786
0.574778
0.572503
0.569859
0.566752
0.563179
0.559263
0.555249
0.551489
0.548405
0.546413
0.545822
0.54676
0.549114
0.552547
0.556564
0.560602
0.564159
0.566872
0.56856
0.569243
0.569082
0.568305
0.567114
0.5656
0.563735
0.561369
0.558311
0.554452
0.549906
0.545152
0.541079
0.538836
0.539411
0.543095
0.549278
0.556733
0.564173
0.570686
0.575865
0.579711
0.582451
0.584378
0.585721
0.586573
0.586887
0.586521
0.585311
0.583158
0.580073
0.576209
0.571817
0.56715
0.562413
0.557761
0.553335
0.549307
0.545915
0.543433
0.542096
0.542042
0.54328
0.545684
0.54904
0.553085
0.557569
0.562273
0.566997
0.571554
0.575754
0.579406
0.582312
0.584291
0.585189
0.584889
0.58332
0.580472
0.576442
0.571444
0.565813
0.55996
0.554268
0.549011
0.544316
0.540195
0.536636
0.533703
0.531584
0.530551
0.530876
0.53271
0.535995
0.540445
0.545583
0.550799
0.555447
0.558937
1.10303
1.10602
1.10041
1.08665
1.06554
1.03815
1.00571
0.969633
0.931626
0.893806
0.858714
0.829087
0.80745
0.79571
0.794867
0.804891
0.824629
0.851606
0.882055
0.911564
0.936085
0.95282
0.960684
0.960348
0.953931
0.944288
0.934117
0.925235
0.918339
0.913264
0.909358
0.905753
0.901501
0.895751
0.887983
0.878149
0.866666
0.85429
0.841941
0.830627
0.821411
0.81535
0.81325
0.81543
0.82157
0.830762
0.841722
0.853057
0.863504
0.872106
0.878352
0.882174
0.88377
0.883341
0.88094
0.876488
0.869881
0.861099
0.850276
0.83776
0.824314
0.811344
0.800917
0.795387
0.796567
0.804912
0.819197
0.83699
0.855637
0.873111
0.888286
0.900642
0.90979
0.915204
0.916296
0.912667
0.904322
0.891815
0.876323
0.859608
0.843801
0.831013
0.822835
0.819974
0.822258
0.828942
0.839113
0.851982
0.866983
0.88371
0.901657
0.919845
0.936649
0.950071
0.95833
0.960368
0.956103
0.946352
0.932611
0.916816
0.901032
0.887117
0.876392
0.869444
0.866159
0.865867
0.867509
0.869875
0.871826
0.872496
0.871366
0.868242
0.863214
0.856624
0.849075
0.841433
0.834784
0.830299
0.828962
0.831238
0.836842
0.844752
0.853487
0.861545
0.867762
0.871572
0.873124
0.873177
0.8728
0.872901
0.87394
0.875924
0.878613
0.881716
0.884966
0.888119
0.890996
0.893529
0.895801
0.898091
0.900875
0.904745
0.910155
0.91707
0.924763
0.931934
0.937142
0.939337
0.938191
0.934153
0.928279
0.921923
0.916357
0.912428
0.910403
0.910035
0.910743
0.911847
0.912663
0.912555
0.911014
0.907806
0.903147
0.897659
0.892131
0.887177
0.882951
0.879152
0.875379
0.871554
0.868104
0.865759
0.865169
0.86658
0.869716
0.873949
0.878565
0.882966
0.886778
0.889873
0.89229
0.89411
0.895379
0.896131
0.896459
0.896618
0.89701
0.897994
0.899675
0.901779
0.903766
0.905091
0.905351
0.904287
0.901639
0.897067
0.89029
0.881385
0.87095
0.859909
0.84909
0.838931
0.829552
0.821089
0.814069
0.809503
0.808611
0.81236
0.821095
0.834447
0.851461
0.87079
0.890876
0.910084
0.926826
0.939724
0.947799
0.950665
0.948581
0.942362
0.933053
0.921485
0.908144
0.893442
0.878083
0.863266
0.850532
0.84136
0.836691
0.836636
0.840484
0.847011
0.854885
0.863032
0.870826
0.878095
0.884952
0.891482
0.897435
0.90212
0.904628
0.904258
0.900887
0.895027
0.887504
0.879002
0.869816
0.860055
0.850104
0.840853
0.833456
0.828829
0.827304
0.828646
0.832325
0.83777
0.844489
0.852061
0.860122
0.868435
0.87694
0.885597
0.894111
0.901674
0.907001
0.908648
0.905402
0.896627
0.882478
0.863984
0.843096
0.822563
0.805393
0.794026
0.789583
0.791631
0.798574
0.808284
0.81868
0.82814
0.83574
0.841357
0.845628
0.849703
0.854806
0.861692
0.870253
0.879489
0.887896
0.894053
0.897083
0.896873
0.893969
0.889241
0.883542
0.877471
0.871409
0.865681
0.860616
0.856534
0.853571
0.851541
0.849999
0.84851
0.847042
0.84626
0.847401
0.851651
0.859392
0.869825
0.881269
0.891837
0.900015
0.904963
0.906481
0.904752
0.900024
0.892433
0.882097
0.869461
0.855617
0.842342
0.831726
0.825495
0.824359
0.827711
0.833846
0.840649
0.846361
0.850082
0.85187
0.852397
0.852468
0.85269
0.853376
0.854635
0.856428
0.858499
0.860337
0.861393
0.861517
0.861343
0.862256
0.865781
0.872746
0.882732
0.894259
0.905543
0.915217
0.922652
0.927816
0.930944
0.932276
0.931992
0.930372
0.927932
0.92537
0.92329
0.921858
0.920718
0.919181
0.916571
0.912531
0.907142
0.900862
0.894334
0.888129
0.882549
0.877531
0.87274
0.867805
0.862664
0.857766
0.853947
0.852018
0.852305
0.85443
0.857431
0.860094
0.861295
0.860303
0.856997
0.85194
0.84625
0.841273
0.838153
0.837478
0.839188
0.842794
0.84768
0.85332
0.859303
0.865149
0.870165
0.873482
0.874243
0.871894
0.866383
0.858259
0.848588
0.838735
0.830111
0.823933
0.821074
0.8219
0.826148
0.832852
0.840461
0.84721
0.851579
0.852659
0.85028
0.844972
0.837811
0.830165
0.823407
0.818645
0.816627
0.817702
0.821675
0.827694
0.834402
0.840511
0.845463
0.849676
0.854134
0.859566
0.865941
0.872694
0.879264
0.885343
0.890677
0.894765
0.896857
0.896407
0.893814
0.89089
0.890184
0.893226
0.899206
0.905406
0.908909
0.908073
0.903017
0.895207
0.886587
0.878781
0.872658
0.868386
0.865752
0.864412
0.864062
0.864457
0.865421
0.867013
0.869649
0.873978
0.880458
0.888817
0.897885
0.906005
0.911784
0.914562
0.914478
0.912222
0.908629
0.904409
0.90006
0.895936
0.892399
0.889957
0.889269
0.890966
0.895413
0.902462
0.911286
0.92048
0.928369
0.933403
0.934483
0.931195
0.923829
0.913261
0.900736
0.887484
0.87445
0.862196
0.850965
0.840843
0.831993
0.824858
0.820188
0.818852
0.821491
0.828165
0.838221
0.850475
0.863569
0.876298
0.887803
1.10842
1.12488
1.13545
1.13911
1.13506
1.12286
1.10262
1.07523
1.04257
1.00754
0.973998
0.94609
0.927388
0.919891
0.923438
0.935818
0.953518
0.972838
0.990929
1.00633
1.01889
1.02925
1.03832
1.0468
1.05503
1.06289
1.06991
1.07542
1.07893
1.08037
1.08013
1.07868
1.07589
1.07072
1.06182
1.04866
1.03242
1.0158
1.00145
0.990332
0.981757
0.974899
0.969993
0.968208
0.970673
0.977479
0.987294
0.997753
1.00621
1.01042
1.009
1.00162
0.98906
0.972909
0.955224
0.938152
0.92354
0.91265
0.906233
0.904943
0.909475
0.919689
0.933456
0.947096
0.957589
0.964323
0.968618
0.971817
0.974145
0.975215
0.974963
0.973898
0.972806
0.97231
0.972549
0.973092
0.973118
0.971829
0.968869
0.964564
0.95987
0.956089
0.954487
0.955835
0.960038
0.966057
0.972261
0.977055
0.979398
0.979026
0.976347
0.972167
0.967389
0.962845
0.959225
0.956982
0.956268
0.956986
0.958906
0.961854
0.96584
0.971011
0.977525
0.98541
0.994453
1.00414
1.01364
1.02189
1.02785
1.03075
1.03043
1.02736
1.0225
1.01694
1.01161
1.00718
1.00419
1.00307
1.00409
1.00719
1.01193
1.01772
1.02437
1.03225
1.04195
1.05334
1.06514
1.07531
1.08195
1.08435
1.08403
1.0847
1.08948
1.09709
1.10217
1.09955
1.08751
1.06791
1.04508
1.0244
1.01061
1.00594
1.00938
1.01745
1.02599
1.03174
1.03307
1.03002
1.02383
1.01618
1.00841
1.00097
0.99351
0.985309
0.975942
0.965626
0.955106
0.945245
0.936561
0.929016
0.922236
0.915997
0.910759
0.907769
0.908515
0.913822
0.923321
0.935675
0.949221
0.962385
0.973711
0.98185
0.985667
0.984469
0.978271
0.967889
0.95481
0.940973
0.928574
0.919836
0.916648
0.92005
0.929761
0.94414
0.960786
0.977466
0.992776
1.00627
1.01804
1.02828
1.0369
1.04345
1.04715
1.04705
1.04233
1.0328
1.01943
1.00459
0.991766
0.984572
0.98558
0.995431
1.01272
1.03469
1.05832
1.08112
1.10139
1.1181
1.13065
1.13867
1.14191
1.14021
1.13376
1.12327
1.1102
1.09668
1.08501
1.07678
1.07219
1.06996
1.06788
1.06366
1.05558
1.04305
1.02671
1.00851
0.991401
0.978746
0.973291
0.976201
0.986659
1.00236
1.02062
1.03921
1.0565
1.07103
1.08131
1.08603
1.0847
1.07815
1.06842
1.05799
1.04875
1.04137
1.03562
1.03102
1.02745
1.02523
1.02494
1.0271
1.03195
1.03927
1.04826
1.05753
1.06546
1.07064
1.07277
1.07342
1.07557
1.08129
1.08934
1.09613
1.09887
1.09766
1.09506
1.09393
1.0953
1.0978
1.09878
1.09593
1.08807
1.0754
1.05954
1.04333
1.0302
1.02307
1.02312
1.02937
1.03917
1.04924
1.05683
1.06012
1.05839
1.05187
1.04163
1.02935
1.01711
1.00677
0.999535
0.995799
0.995494
0.998414
1.00423
1.01223
1.02116
1.02926
1.0346
1.03548
1.03077
1.02011
1.00415
0.984898
0.966015
0.95193
0.945536
0.946488
0.95224
0.960474
0.970262
0.981581
0.994296
1.00762
1.02019
1.03058
1.03775
1.04128
1.04131
1.03827
1.03279
1.02572
1.01835
1.01248
1.0099
1.0114
1.01606
1.0217
1.02607
1.02796
1.02752
1.02576
1.0236
1.02114
1.01754
1.01157
1.00236
0.989976
0.975637
0.961666
0.950948
0.945739
0.946589
0.952332
0.96108
0.971261
0.982025
0.993148
1.00471
1.01669
1.02868
1.03975
1.04867
1.05437
1.05631
1.0547
1.05042
1.04459
1.03822
1.03185
1.02555
1.0191
1.01233
1.00543
0.999023
0.994064
0.991487
0.991672
0.994072
0.997359
1.00023
1.00245
1.0052
1.01006
1.01752
1.02647
1.03518
1.04244
1.04796
1.05228
1.05628
1.06068
1.0658
1.07154
1.07755
1.08342
1.08884
1.09371
1.09821
1.10278
1.10775
1.11303
1.11797
1.12154
1.12268
1.12069
1.11542
1.10754
1.09858
1.09066
1.08557
1.08369
1.08375
1.08357
1.08157
1.07779
1.07394
1.07223
1.07354
1.07655
1.07851
1.07688
1.07012
1.05781
1.04038
1.019
0.995507
0.972325
0.951913
0.936169
0.926008
0.921351
0.921397
0.924957
0.930894
0.938746
0.949146
0.963489
0.982862
1.00705
1.03433
1.06195
1.08674
1.10581
1.11712
1.11989
1.11454
1.10249
1.086
1.06844
1.05471
1.05014
1.05722
1.07325
1.09232
1.10925
1.12143
1.12844
1.13105
1.13032
1.12716
1.12221
1.11593
1.10889
1.10185
1.09559
1.09058
1.08672
1.08344
1.08001
1.07588
1.07081
1.06471
1.05751
1.04934
1.04073
1.03264
1.02619
1.0223
1.02152
1.02402
1.02971
1.03833
1.04934
1.06179
1.07428
1.0852
1.09309
1.09704
1.09677
1.09266
1.08568
1.07739
1.06998
1.06574
1.06617
1.07107
1.07868
1.0867
1.09326
1.09734
1.09861
1.0971
1.09302
1.08661
1.07824
1.06862
1.05891
1.0508
1.04608
1.04586
1.05001
1.10939
1.13087
1.14931
1.16294
1.17076
1.17241
1.16823
1.15923
1.14693
1.13296
1.11868
1.10496
1.09244
1.08206
1.07512
1.07259
1.07411
1.07808
1.08273
1.08726
1.09178
1.09618
1.09935
1.09964
1.09601
1.08859
1.07845
1.06723
1.05673
1.04863
1.04419
1.04389
1.04727
1.0531
1.05981
1.06606
1.07112
1.0749
1.07793
1.081
1.08478
1.08927
1.09363
1.09649
1.09629
1.09182
1.08256
1.06894
1.05237
1.03504
1.01947
1.00786
1.00164
1.00103
1.00493
1.01126
1.01744
1.02111
1.02071
1.0158
1.00693
0.995374
0.982871
0.971486
0.96356
0.96135
0.966058
0.976789
0.990652
1.00419
1.01492
1.02199
1.02589
1.02771
1.02838
1.02813
1.02643
1.0224
1.01537
1.00549
0.993837
0.982285
0.972972
0.967659
0.967174
0.971237
0.978672
0.987864
0.997296
1.006
1.01369
1.02042
1.02623
1.031
1.03462
1.03732
1.03971
1.04249
1.04604
1.05004
1.05358
1.05547
1.05477
1.05147
1.04678
1.04288
1.04201
1.04533
1.05224
1.06084
1.06906
1.07558
1.08002
1.08255
1.08342
1.08269
1.08028
1.0763
1.07141
1.06705
1.065
1.06642
1.0709
1.07628
1.07972
1.07901
1.07344
1.06386
1.05231
1.04132
1.03325
1.02977
1.0317
1.03901
1.05102
1.06632
1.08281
1.09788
1.10892
1.11387
1.1119
1.10375
1.09174
1.07899
1.06823
1.06085
1.05688
1.05552
1.05576
1.0566
1.05705
1.05642
1.05468
1.05238
1.0502
1.04847
1.04733
1.0473
1.04951
1.05497
1.06326
1.0724
1.07996
1.08432
1.08495
1.08204
1.07616
1.06801
1.05846
1.04855
1.03949
1.03252
1.0287
1.02855
1.03189
1.03778
1.04489
1.05207
1.05873
1.06485
1.0705
1.07535
1.07853
1.07897
1.07582
1.06874
1.05796
1.04433
1.02926
1.01459
1.00227
0.993905
0.990207
0.990769
0.994261
0.998988
1.00342
1.0065
1.00766
1.00673
1.00375
0.998958
0.992646
0.985125
0.976714
0.967802
0.95902
0.951393
0.946302
0.945117
0.948608
0.956468
0.967303
0.979197
0.990358
0.999519
1.00606
1.00996
1.01169
1.01191
1.01111
1.00923
1.00558
0.999344
0.990502
0.98035
0.97134
0.966156
0.966451
0.97203
0.98097
0.990471
0.99791
1.00154
1.00078
0.996085
0.988667
0.980099
0.97199
0.965774
0.962544
0.962815
0.966291
0.971802
0.977539
0.981569
0.98243
0.979549
0.973299
0.964688
0.955013
0.945718
0.938436
0.934884
0.936397
0.943337
0.954783
0.96866
0.982275
0.993067
0.999378
1.00104
0.999502
0.99736
0.997368
1.00143
1.01012
1.02278
1.0379
1.05359
1.06784
1.07894
1.0857
1.08767
1.08518
1.07928
1.07158
1.06399
1.05823
1.0554
1.05572
1.05862
1.06314
1.06831
1.07356
1.07882
1.08442
1.09061
1.09724
1.10375
1.1096
1.11443
1.11806
1.12022
1.12055
1.11863
1.114
1.1062
1.09473
1.07933
1.0604
1.0396
1.02005
1.00563
0.999131
1.00043
1.00666
1.01417
1.02044
1.02449
1.02646
1.02692
1.02662
1.02632
1.02675
1.0284
1.03133
1.03495
1.03798
1.03878
1.03624
1.03069
1.02446
1.02121
1.02392
1.0329
1.0458
1.05939
1.07093
1.07853
1.08092
1.07751
1.06841
1.05457
1.0377
1.02027
1.00518
0.995148
0.992057
0.996471
1.00756
1.0234
1.04148
1.05911
1.07382
1.08392
1.08891
1.08971
1.08845
1.08767
1.08925
1.09357
1.09942
1.10457
1.10682
1.1049
1.09894
1.0904
1.08158
1.07482
1.07167
1.07243
1.07613
1.08114
1.08594
1.08956
1.09145
1.0913
1.08887
1.08411
1.07726
1.06882
1.05952
1.05025
1.0422
1.03686
1.03571
1.03929
1.04678
1.05607
1.06444
1.06932
1.06876
1.06196
1.04955
1.0334
1.01604
0.999967
0.987215
0.979495
0.978525
0.985869
1.00215
1.02622
1.05516
1.08527
1.11326
1.13689
1.1549
1.16655
1.17118
1.168
1.15629
1.1359
1.10789
1.07498
1.04143
1.01232
0.992356
0.984635
0.989608
1.00485
1.0261
1.04893
1.06988
1.08669
1.09809
1.10355
1.10333
1.09843
1.09044
1.08107
1.07152
1.0623
1.05339
1.04473
1.03666
1.03007
1.0261
1.02537
1.02748
1.03126
1.03561
1.03999
1.04447
1.0493
1.05472
1.06094
1.06812
1.07629
1.08511
1.09391
1.10203
1.1091
1.11509
1.12016
1.12441
1.12782
1.13023
1.13156
1.13179
1.13106
1.12951
1.12709
1.12355
1.11838
1.11108
1.10126
1.0888
1.07387
1.05708
1.03983
1.02476
1.01527
1.01354
1.01865
1.02739
1.03691
1.04611
1.05514
1.06439
1.07403
1.08388
1.09357
1.10244
1.10967
1.11436
1.11587
1.11398
1.1091
1.10217
1.0945
1.08744
1.08198
1.07821
1.07504
1.07048
1.06237
1.04932
1.03139
1.01063
0.990893
0.976707
0.971039
0.973716
0.981931
0.99214
1.00165
1.00918
1.01479
1.10833
1.12853
1.14784
1.16607
1.18294
1.19839
1.21258
1.22556
1.23659
1.24378
1.24448
1.23637
1.21854
1.19239
1.16153
1.13081
1.10503
1.08871
1.08549
1.09528
1.11273
1.13071
1.14491
1.15462
1.16069
1.16384
1.16433
1.16242
1.15888
1.15497
1.15225
1.15218
1.15563
1.16249
1.17153
1.18069
1.18775
1.1911
1.19021
1.18554
1.17791
1.16785
1.15615
1.14486
1.13717
1.13573
1.14066
1.1493
1.15754
1.16172
1.15984
1.15191
1.13963
1.12534
1.11105
1.09759
1.08467
1.07156
1.05784
1.04377
1.03017
1.01806
1.00835
1.00162
0.99815
0.998029
1.00131
1.00806
1.0181
1.03075
1.04471
1.05819
1.06926
1.07642
1.07912
1.07802
1.07491
1.07226
1.07248
1.0774
1.0878
1.10308
1.12098
1.13797
1.15023
1.1547
1.1497
1.13531
1.11419
1.0922
1.07714
1.07487
1.08609
1.10718
1.13293
1.15821
1.17876
1.19153
1.19487
1.1884
1.1729
1.1501
1.12269
1.09403
1.06759
1.046
1.03042
1.02051
1.01505
1.01294
1.01371
1.01758
1.025
1.03601
1.04989
1.0651
1.07984
1.09275
1.10326
1.11139
1.11712
1.12011
1.11995
1.11663
1.11091
1.10423
1.0984
1.09514
1.09548
1.09942
1.10602
1.11382
1.12152
1.12827
1.13361
1.13723
1.13858
1.13683
1.13107
1.12082
1.10648
1.08968
1.07319
1.06038
1.05429
1.05639
1.06588
1.08032
1.0969
1.11339
1.12834
1.14079
1.14993
1.15492
1.15508
1.15023
1.1411
1.12924
1.11643
1.10404
1.09265
1.08221
1.07244
1.06303
1.05387
1.0454
1.03894
1.03638
1.03928
1.04762
1.05941
1.0716
1.0816
1.08817
1.09133
1.09161
1.08921
1.08374
1.07459
1.06179
1.04651
1.03099
1.0177
1.00811
1.00221
0.998784
0.996581
0.995189
0.995224
0.997714
1.00323
1.01142
1.02126
1.03151
1.04116
1.04967
1.0571
1.06408
1.07153
1.08031
1.09095
1.10339
1.117
1.13066
1.14297
1.15241
1.15768
1.15788
1.1527
1.14256
1.12885
1.1139
1.10046
1.09065
1.08502
1.08262
1.08217
1.08307
1.08536
1.08898
1.09321
1.09708
1.1003
1.10394
1.10956
1.11776
1.12754
1.13723
1.14576
1.15323
1.16037
1.16781
1.17535
1.18191
1.18607
1.18681
1.18389
1.17782
1.16933
1.1591
1.14766
1.13553
1.12323
1.11126
1.09985
1.08896
1.07847
1.06839
1.05905
1.05117
1.04583
1.04442
1.0481
1.05704
1.06972
1.08326
1.09458
1.10157
1.10352
1.10079
1.09412
1.08415
1.07137
1.05652
1.04093
1.02686
1.01726
1.01479
1.02053
1.03311
1.04944
1.06614
1.08071
1.09192
1.0997
1.10477
1.10826
1.11147
1.11563
1.12141
1.1286
1.13599
1.14185
1.14474
1.14402
1.14
1.13369
1.12634
1.11901
1.11233
1.10638
1.10081
1.09502
1.0885
1.08108
1.07328
1.06618
1.06096
1.05804
1.05668
1.0554
1.05295
1.04898
1.04423
1.04015
1.03823
1.03939
1.0437
1.05039
1.05796
1.06456
1.06835
1.068
1.06324
1.05511
1.04598
1.03881
1.03616
1.03905
1.0465
1.05619
1.06558
1.0732
1.07976
1.08819
1.1011
1.11727
1.13169
1.13923
1.13759
1.1277
1.11308
1.09908
1.09149
1.09396
1.10586
1.12261
1.13815
1.14762
1.1487
1.14195
1.13021
1.11757
1.1081
1.10489
1.10948
1.12142
1.13826
1.15627
1.17181
1.18239
1.1871
1.18645
1.18188
1.1752
1.16802
1.16123
1.15474
1.14758
1.13836
1.12593
1.11008
1.09197
1.07448
1.06194
1.05881
1.06741
1.08598
1.10908
1.13035
1.14534
1.15273
1.15364
1.15043
1.14551
1.1408
1.13743
1.13572
1.13534
1.13575
1.13651
1.13741
1.13841
1.13927
1.13937
1.13764
1.13274
1.12375
1.11098
1.09652
1.08369
1.07556
1.07353
1.07695
1.08374
1.09133
1.09742
1.1004
1.09958
1.0952
1.08836
1.08046
1.07262
1.06517
1.05766
1.04964
1.04128
1.03358
1.02801
1.02576
1.02724
1.03188
1.03857
1.04613
1.0538
1.06128
1.06854
1.07543
1.08148
1.08579
1.08729
1.08504
1.07877
1.06907
1.05732
1.04548
1.03561
1.02935
1.02768
1.03076
1.03803
1.04846
1.06068
1.07316
1.08428
1.09256
1.09694
1.09705
1.09343
1.08759
1.08156
1.07729
1.07595
1.07772
1.08199
1.08763
1.09328
1.09754
1.09942
1.09898
1.09774
1.09812
1.10163
1.10772
1.11531
1.12533
1.14026
1.1604
1.18198
1.19949
1.20896
1.2093
1.202
1.19042
1.17853
1.16947
1.16432
1.16178
1.15879
1.15187
1.13859
1.11879
1.09536
1.07415
1.06173
1.06176
1.07272
1.08925
1.10578
1.11901
1.12815
1.13387
1.13725
1.13915
1.14009
1.14053
1.14114
1.14275
1.14609
1.15164
1.15949
1.16931
1.18016
1.19041
1.1981
1.20141
1.19913
1.191
1.17778
1.16101
