0
0
0
0
0
0
0
0
0
0
0
0.00133631
0.515057
3.98049
3.90293
1.03957
0.115476
0.0474328
0.316657
0.889154
0.847662
0.281004
0.309206
1.62575
2.77458
1.42187
0.41952
0.76838
1.00832
0.553172
0
0
0
0
0
0
0
0
0
0
0
0.000668157
0.635903
3.9952
3.62912
1.13363
0.165908
0.0679261
0.351439
0.829174
0.803979
0.326521
0.409384
1.64843
2.54791
1.44653
0.527537
0.787007
0.928241
0.61643
0
0
0
0
0
0
0
0
0
0
0
0.000445438
0.623461
4.00005
3.6507
1.12689
0.156493
0.0584011
0.340247
0.862264
0.806924
0.308161
0.401525
1.64246
2.5865
1.44834
0.502988
0.786695
0.924504
0.610131
0
0
0
0
0
0
0
0
0
0
0
0.000445438
0.595558
4.01799
3.67508
1.11548
0.15238
0.066964
0.338697
0.835141
0.825154
0.317405
0.395413
1.63845
2.55857
1.48192
0.497532
0.781902
0.942899
0.604544
0
0
0
0
0
0
0
0
0
0
0
0.00155903
0.561058
4.03804
3.73141
1.07514
0.149025
0.056573
0.317948
0.861334
0.848995
0.303635
0.358218
1.64128
2.63702
1.44322
0.48146
0.778044
0.950481
0.577147
0
0
0
0
0
0
0
0
0
0
0
0.00111359
0.570107
3.97079
3.81871
1.05576
0.144371
0.0539753
0.324405
0.8735
0.82838
0.301276
0.352746
1.61567
2.69353
1.43139
0.453931
0.790202
0.973666
0.583277
0
0
0
0
0
0
0
0
0
0
0
0.000222719
0.540508
4.0146
3.80372
1.08507
0.116991
0.0558995
0.336459
0.84723
0.837425
0.305356
0.332839
1.65158
2.67782
1.45196
0.434669
0.774342
0.996342
0.566175
0
0
0
0
0
0
0
0
0
0
0
0.00222719
0.589714
3.96934
3.74458
1.11095
0.139285
0.0581124
0.333876
0.855289
0.817932
0.324035
0.370675
1.63264
2.61321
1.44979
0.491447
0.784825
0.943878
0.607456
0
0
0
0
0
0
0
0
0
0
0
0.000668157
0.575009
3.98162
3.78228
1.08348
0.134198
0.0639814
0.342744
0.853817
0.802085
0.316321
0.378649
1.63952
2.63211
1.43991
0.471724
0.77629
0.982482
0.590321
0
0
0
0
0
0
0
0
0
0
0
0.00111359
0.587075
3.97564
3.78116
1.08556
0.128787
0.0654246
0.334737
0.853507
0.825856
0.303316
0.349079
1.66012
2.64006
1.44503
0.462618
0.772394
0.989739
0.585444
0
0
0
0
0
0
0
0
0
0
0
0.000445438
0.659092
3.94267
3.65462
1.1291
0.175973
0.0788944
0.355141
0.804376
0.801945
0.336466
0.430513
1.6646
2.4833
1.45405
0.53828
0.785955
0.94083
0.635936
0
0
0
0
0
0
0
0
0
0
0
0
0.57878
3.9889
3.75467
1.08286
0.152488
0.0691769
0.338869
0.854359
0.793952
0.31409
0.378591
1.64352
2.63348
1.41784
0.506513
0.783578
0.940395
0.618191
0
0
0
0
0
0
0
0
0
0
0
0.000445438
0.65042
3.96012
3.65056
1.11389
0.179544
0.0809148
0.369347
0.796085
0.797878
0.333087
0.411246
1.67853
2.51968
1.43066
0.556073
0.777732
0.921166
0.64237
0
0
0
0
0
0
0
0
0
0
0
0.000890876
0.650986
4.00167
3.55555
1.17508
0.170995
0.0754307
0.358413
0.81476
0.796336
0.334489
0.443261
1.64235
2.48969
1.45627
0.546589
0.787669
0.927696
0.63282
0
0
0
0
0
0
0
0
0
0
0
0.000668157
0.58123
3.96093
3.77009
1.11291
0.134198
0.0528207
0.344035
0.854049
0.811411
0.309117
0.354842
1.62052
2.68498
1.4482
0.458421
0.777382
0.973629
0.594825
0
0
0
0
0
0
0
0
0
0
0
0.00133631
0.666068
3.95689
3.64818
1.11278
0.175757
0.0734102
0.343777
0.844363
0.791077
0.330664
0.420734
1.64656
2.52896
1.441
0.525733
0.799827
0.937746
0.617277
0
0
0
0
0
0
0
0
0
0
0
0.000668157
0.664748
4.00829
3.54126
1.10911
0.226297
0.115455
0.352214
0.795852
0.749707
0.363367
0.46701
1.66273
2.43048
1.42296
0.606347
0.811167
0.904947
0.66472
0
0
0
0
0
0
0
0
0
0
0
0.000668157
0.607436
3.9695
3.68251
1.14173
0.147294
0.0641738
0.347221
0.840721
0.815829
0.313325
0.402457
1.62613
2.6026
1.44453
0.504079
0.772082
0.952622
0.60434
0
0
0
0
0
0
0
0
0
0
0
0.00222719
0.597067
3.98308
3.68433
1.13179
0.155086
0.0609026
0.346704
0.840798
0.81071
0.325883
0.393551
1.63162
2.5863
1.43696
0.511884
0.792657
0.931179
0.612028
0
0
0
0
0
0
0
0
0
0
0
0.000890876
0.525992
4.02947
3.79125
1.08728
0.120021
0.0659057
0.359618
0.835761
0.79304
0.310839
0.350418
1.65009
2.67644
1.44122
0.451959
0.784318
0.979253
0.610876
