-6.36316
-6.3584
-6.35031
-6.3386
-6.32176
-6.29923
-6.2703
-6.23466
-6.19314
-6.14472
-6.08824
-6.02346
-5.95406
-5.87828
-5.79976
-5.72215
-5.65068
-5.58808
-5.53718
-5.50001
-5.47587
-5.46569
-5.46614
-5.47298
-5.48782
-5.50505
-5.52295
-5.54087
-5.55649
-5.56984
-5.58034
-5.58842
-5.59467
-5.59875
-5.60133
-5.60266
-5.60271
-5.60182
-5.60023
-5.59821
-5.59269
-5.58604
-5.57534
-5.56291
-5.54907
-5.53394
-5.51971
-5.50557
-5.49313
-5.48443
-5.47948
-5.47713
-5.47826
-5.48258
-5.48986
-5.49865
-5.50847
-5.51801
-5.5275
-5.535
-5.53954
-5.54293
-5.54463
-5.54448
-5.54222
-5.53952
-5.53592
-5.53284
-5.53103
-5.53011
-5.531
-5.53301
-5.53838
-5.54442
-5.55149
-5.55894
-5.56569
-5.57116
-5.57694
-5.58004
-5.58279
-5.58507
-5.58765
-5.5893
-5.592
-5.5941
-5.59729
-5.60015
-5.60286
-5.60465
-5.60556
-5.60552
-5.60411
-5.60152
-5.59885
-5.59724
-5.59353
-5.5897
-5.58674
-5.58502
-5.58392
-5.58408
-5.58434
-5.58424
-5.58303
-5.58154
-5.57971
-5.57525
-5.57075
-5.56536
-5.55906
-5.55305
-5.54411
-5.53401
-5.52227
-5.51045
-5.49698
-5.48464
-5.47279
-5.46449
-5.45852
-5.45486
-5.45509
-5.45713
-5.46087
-5.46539
-5.47004
-5.47412
-5.47779
-5.48249
-5.48756
-5.49206
-5.49774
-5.50367
-5.51058
-5.51813
-5.52549
-5.53274
-5.53893
-5.54316
-5.54825
-5.55246
-5.55613
-5.5611
-5.56471
-5.56734
-5.56817
-5.56881
-5.56805
-5.56558
-5.56351
-5.55871
-5.55498
-5.55371
-5.55168
-5.55347
-5.55825
-5.56674
-5.57824
-5.59121
-5.60556
-5.62133
-5.63483
-5.64513
-5.65292
-5.65668
-5.65764
-5.65532
-5.65062
-5.64441
-5.63557
-5.62692
-5.61894
-5.61199
-5.60632
-5.60211
-5.60032
-5.59978
-5.59929
-5.60025
-5.60098
-5.60164
-5.60193
-5.60121
-5.60083
-5.59882
-5.59718
-5.59515
-5.59266
-5.59117
-5.59052
-5.59256
-5.59581
-5.59955
-5.60515
-5.61087
-5.61691
-5.62234
-5.62617
-5.62902
-5.62992
-5.63049
-5.6303
-5.62914
-5.62721
-5.62571
-5.62544
-5.62606
-5.62667
-5.62756
-5.62866
-5.62925
-5.62993
-5.62987
-5.62949
-5.62708
-5.62461
-5.62129
-5.61779
-5.61371
-5.61016
-5.60649
-5.60233
-5.5985
-5.59509
-5.58946
-5.58229
-5.57466
-5.56644
-5.55823
-5.5526
-5.54996
-5.54911
-5.54918
-5.55032
-5.55209
-5.55476
-5.55863
-5.5631
-5.56871
-5.5775
-5.58962
-5.60299
-5.61747
-5.63225
-5.64477
-5.65577
-5.66334
-5.66672
-5.66693
-5.66322
-5.65606
-5.64686
-5.63567
-5.62407
-5.61348
-5.60403
-5.59629
-5.5904
-5.58454
-5.57993
-5.57718
-5.57525
-5.57521
-5.57576
-5.57788
-5.58062
-5.58406
-5.58761
-5.58937
-5.59087
-5.59166
-5.59244
-5.59402
-5.59629
-5.60267
-5.61061
-5.6182
-5.62649
-5.63515
-5.6421
-5.64641
-5.64945
-5.65118
-5.65089
-5.64919
-5.64581
-5.63989
-5.63319
-5.62521
-5.61542
-5.60531
-5.59483
-5.58312
-5.57281
-5.5639
-5.55653
-5.54964
-5.54443
-5.54077
-5.53826
-5.53611
-5.53489
-5.53582
-5.53926
-5.54249
-5.54912
-5.55539
-5.56166
-5.56644
-5.56888
-5.57193
-5.57433
-5.57792
-5.58279
-5.59022
-5.59903
-5.60673
-5.61281
-5.61364
-5.61163
-5.6076
-5.6037
-5.5988
-5.59789
-5.59847
-5.60033
-5.60376
-5.60789
-5.61244
-5.61453
-5.61504
-5.61294
-5.60888
-5.603
-5.59465
-5.58611
-5.57806
-5.57023
-5.56334
-5.55867
-5.55698
-5.55746
-5.56064
-5.56624
-5.57269
-5.58074
-5.5894
-5.599
-5.60867
-5.61573
-5.62213
-5.62648
-5.62922
-5.62997
-5.62945
-5.62768
-5.62578
-5.62425
-5.6225
-5.62113
-5.62066
-5.61985
-5.62057
-5.6203
-5.61876
-5.6164
-5.61235
-5.60739
-5.59962
-5.59032
-5.58051
-5.57166
-5.56181
-5.5517
-5.54149
-5.53016
-5.51863
-5.50473
-5.49025
-5.47564
-5.46215
-5.45014
-5.44169
-5.43702
-5.43692
-5.44126
-5.44813
-5.45947
-5.47255
-5.48682
-5.5027
-5.51855
-5.53387
-5.54537
-5.55583
-5.56386
-5.5684
-5.57054
-5.57082
-5.56972
-5.56751
-5.56529
-5.56228
-5.55857
-5.55462
-5.55011
-5.54459
-5.53839
-5.53278
-5.52695
-5.52183
-5.51896
-5.51806
-5.51918
-5.52365
-5.52869
-5.53508
-5.54134
-5.54701
-5.55109
-5.55408
-5.55524
-5.55558
-5.55424
-5.55214
-5.55033
-5.5468
-5.54297
-5.53811
-5.53202
-5.52517
-5.51796
-5.51219
-5.50918
-5.51031
-5.51559
-5.52499
-5.53553
-5.54677
-5.55596
-5.56446
-5.56973
-5.5741
-5.57756
-5.57926
-5.58069
-5.58178
-5.58065
-5.57961
-5.57532
-5.57114
-5.56472
-5.55856
-5.55064
-5.54337
-5.53714
-5.53033
-5.52382
-5.51886
-5.51496
-5.51309
-5.51301
-5.51458
-5.5182
-5.52386
-5.53009
-5.53623
-5.54361
-5.54995
-5.55666
-5.56328
-5.56862
-5.57315
-5.57689
-5.5784
-5.57811
-5.57561
-5.57103
-5.56436
-5.55653
-5.54729
-5.53893
-5.52992
-5.52278
-5.51665
-5.51093
-5.50558
-5.50101
-5.49826
-5.49774
-5.49851
-5.50171
-5.50681
-5.51338
-5.52069
-5.52812
-5.53394
-5.53982
-5.54313
-5.54397
-5.54115
-5.5354
-5.52812
-5.51741
-5.50738
-5.49757
-5.48705
-5.47559
-5.46509
-5.45631
-5.44948
-5.44592
-5.44478
-5.44917
-5.45725
-5.46871
-5.48553
-5.50277
-5.52232
-5.54259
-5.56052
-5.57465
-5.58431
-5.58857
-5.58807
-5.58445
-5.57892
-5.57058
-5.56254
-5.55559
-5.54921
-5.54373
-5.53858
-5.53361
-5.52923
-5.52536
-5.52058
-5.51678
-5.51167
-5.50622
-5.50094
-5.49542
-5.49078
-5.48688
-5.4819
-5.47764
-5.47507
-5.47483
-5.47749
-5.4811
-5.48666
-5.49263
-5.49954
-5.50537
-5.51164
-5.51448
-5.51611
-5.51498
-5.51266
-5.50843
-5.50295
-5.49808
-5.49349
-5.49081
-5.4899
-5.49161
-5.49382
-5.49704
-5.50063
-5.50611
-5.5114
-5.51532
-5.5179
-5.52008
-5.52085
-5.52002
-5.52112
-5.52192
-5.52278
-5.52247
-5.52112
-5.51869
-5.51674
-5.51324
-5.51069
-5.50876
-5.50865
-5.51086
-5.51544
-5.52154
-5.52912
-5.53695
-5.54553
-5.55227
-5.55883
-5.56276
-5.56471
-5.56639
-5.56652
-5.56553
-5.56441
-5.56331
-5.56176
-5.56233
-5.56386
-5.56834
-5.57379
-5.58024
-5.58851
-5.59827
-5.6085
-5.61905
-5.6294
-5.6391
-5.64694
-5.65282
-5.65694
-5.65609
-5.65404
-5.64814
-5.6392
-5.62744
-5.61354
-5.59824
-5.58175
-5.56282
-5.54457
-5.52848
-5.51276
-5.49764
-5.48337
-5.47184
-5.46404
-5.45873
-5.45772
-5.46043
-5.46731
-5.47751
-5.49014
-5.50524
-5.52067
-5.53551
-5.54931
-5.56317
-5.57292
-5.58182
-5.58858
-5.59316
-5.59596
-5.59738
-5.59798
-5.59788
-5.59633
-5.594
-5.59215
-5.59036
-5.58879
-5.58727
-5.58483
-5.58111
-5.57651
-5.56929
-5.55976
-5.54801
-5.53612
-5.52436
-5.51373
-5.50665
-5.50384
-5.50615
-5.51241
-5.52133
-5.53216
-5.54392
-5.55327
-5.55978
-5.56442
-5.56583
-5.56516
-5.56098
-5.55519
-5.54842
-5.54261
-5.5348
-5.52864
-5.52287
-5.51704
-5.51103
-5.50583
-5.50022
-5.49518
-5.49217
-5.4902
-5.49119
-5.49411
-5.50084
-5.50974
-5.52117
-5.53375
-5.54733
-5.56064
-5.57314
-5.58387
-5.59231
-5.59842
-5.60399
-5.60586
-5.60664
-5.60603
-5.60556
-5.60472
-5.60272
-5.60258
-5.60265
-5.60236
-5.60159
-5.60115
-5.60064
-5.60129
-5.60275
-5.60435
-5.60531
-5.60615
-5.60644
-5.60473
-5.6012
-5.59603
-5.58904
-5.58239
-5.57359
-5.56633
-5.56146
-5.55809
-5.55659
-5.55519
-5.55495
-5.55491
-5.55752
-5.56138
-5.56521
-5.56991
-5.575
-5.58135
-5.58617
-5.59162
-5.59423
-5.59447
-5.59198
-5.58509
-5.57514
-5.56132
-5.54296
-5.52345
-5.50575
-5.4919
-5.48191
-5.47847
-5.47911
-5.48321
-5.48987
-5.49804
-5.50491
-5.51247
-5.51822
-5.52252
-5.5243
-5.52492
-5.52404
-5.52357
-5.52413
-5.52536
-5.52676
-5.52956
-5.53252
-5.5358
-5.54075
-5.54541
-5.55006
-5.55533
-5.56071
-5.56574
-5.5702
-5.57446
-5.57803
-5.57785
-5.57855
-5.57719
-5.57331
-5.56864
-5.56308
-5.55662
-5.54808
-5.53939
-5.52928
-5.51847
-5.50747
-5.49719
-5.48832
-5.48204
-5.47767
-5.47454
-5.47325
-5.47313
-5.47332
-5.47339
-5.4735
-5.4749
-5.47505
-5.47724
-5.4798
-5.48542
-5.49219
-5.50024
-5.50735
-5.51444
-5.51846
-5.52063
-5.52084
-5.51953
-5.51586
-5.51249
-5.50837
-5.50435
-5.50153
-5.49951
-5.49976
-5.49991
-5.5012
-5.50343
-5.50671
-5.51179
-5.51901
-5.52755
-5.53767
-5.54861
-5.5605
-5.5724
-5.58385
-5.59693
-5.60777
-5.6166
-5.62438
-5.63036
-5.63427
-5.63614
-5.63438
-5.62893
-5.62069
-5.60874
-5.59455
-5.57752
-5.5603
-5.54366
-5.53008
-5.51771
-5.50979
-5.50452
-5.50304
-5.50449
-5.51003
-5.51701
-5.52556
-5.53559
-5.5468
-5.55715
-5.56758
-5.57559
-5.58105
-5.58506
-5.58678
-5.58566
-5.58228
-5.57613
-5.5684
-5.5607
-5.55088
-5.54154
-5.53254
-5.52641
-5.52211
-5.5201
-5.52024
-5.5224
-5.52733
-5.5333
-5.54005
-5.54766
-5.55562
-5.56347
-5.56877
-5.57257
-5.57424
-5.5736
-5.56944
-5.56408
-5.55729
-5.54984
-5.54254
-5.53576
-5.53021
-5.52529
-5.52224
-5.52127
-5.52328
-5.52611
-5.53028
-5.53636
-5.54242
-5.54819
-5.55405
-5.55767
-5.56104
-5.56373
-5.56489
-5.56604
-5.56739
-5.56949
-5.57123
-5.57336
-5.57344
-5.5716
-5.56777
-5.56344
-5.55465
-5.54436
-5.53299
-5.52115
-5.51244
-5.506
-5.50429
-5.5064
-5.51241
-5.52208
-5.53236
-5.54306
-5.553
-5.56203
-5.56946
-5.57463
-5.57855
-5.58023
-5.58121
-5.58008
-5.57688
-5.57201
-5.56737
-5.56023
-5.5534
-5.54486
-5.53434
-5.52298
-5.51136
-5.50165
-5.49421
-5.48993
-5.48909
-5.49222
-5.49878
-5.50707
-5.51702
-5.52659
-5.53702
-5.54568
-5.55213
-5.55699
-5.55985
-5.56034
-5.56025
-5.55805
-5.55501
-5.55146
-5.54855
-5.54572
-5.54307
-5.54133
-5.54045
-5.53951
-5.53923
-5.53923
-5.54016
-5.53788
-5.53519
-5.53023
-5.52411
-5.51829
-5.51248
-5.50684
-5.50329
-5.50256
-5.50372
-5.5058
-5.5104
-5.51484
-5.51951
-5.52165
-5.52245
-5.52036
-5.51696
-5.51302
