-4.71316
-4.70998
-4.70667
-4.70307
-4.69798
-4.69128
-4.68283
-4.67301
-4.66344
-4.6539
-4.64394
-4.63371
-4.62681
-4.62066
-4.61718
-4.61727
-4.62258
-4.6318
-4.64395
-4.65802
-4.67165
-4.68552
-4.69734
-4.70478
-4.71189
-4.71563
-4.71673
-4.71669
-4.71492
-4.71267
-4.71013
-4.70801
-4.70675
-4.70559
-4.70466
-4.70368
-4.70224
-4.70055
-4.69897
-4.69812
-4.69541
-4.69372
-4.69041
-4.68793
-4.68633
-4.68514
-4.68569
-4.68617
-4.68722
-4.69001
-4.69388
-4.69724
-4.70071
-4.70407
-4.70737
-4.70969
-4.71121
-4.71143
-4.71144
-4.71011
-4.70717
-4.70499
-4.70329
-4.70188
-4.70019
-4.6994
-4.69846
-4.69821
-4.69884
-4.69956
-4.7009
-4.70185
-4.70446
-4.70605
-4.70727
-4.70799
-4.70778
-4.70667
-4.7067
-4.70506
-4.70409
-4.70343
-4.70356
-4.70291
-4.70318
-4.70258
-4.70277
-4.70245
-4.70201
-4.70096
-4.69964
-4.69825
-4.69659
-4.69495
-4.6944
-4.69588
-4.69586
-4.69587
-4.69642
-4.69749
-4.69826
-4.69939
-4.69998
-4.69994
-4.69902
-4.69845
-4.69842
-4.69669
-4.69573
-4.69454
-4.69305
-4.6926
-4.6903
-4.68826
-4.68615
-4.68546
-4.68421
-4.68454
-4.68498
-4.68773
-4.69078
-4.69352
-4.69727
-4.70001
-4.70207
-4.7032
-4.70352
-4.70297
-4.70211
-4.70253
-4.70348
-4.7038
-4.70496
-4.7058
-4.70694
-4.70803
-4.70848
-4.70869
-4.7081
-4.70615
-4.7058
-4.7052
-4.70449
-4.70532
-4.70503
-4.70422
-4.70245
-4.70166
-4.70086
-4.69974
-4.70028
-4.69903
-4.69931
-4.70187
-4.70271
-4.70558
-4.70882
-4.71251
-4.71568
-4.71703
-4.7173
-4.71774
-4.71616
-4.71301
-4.7101
-4.70652
-4.7037
-4.701
-4.69889
-4.69762
-4.69542
-4.69436
-4.69423
-4.69478
-4.69573
-4.69689
-4.69901
-4.70088
-4.7014
-4.70228
-4.70223
-4.70189
-4.70138
-4.70039
-4.70044
-4.69954
-4.69961
-4.69966
-4.69932
-4.6997
-4.7002
-4.70227
-4.70407
-4.70472
-4.70569
-4.70571
-4.70562
-4.7052
-4.70407
-4.70326
-4.70191
-4.70155
-4.70153
-4.70128
-4.70064
-4.70045
-4.70122
-4.70241
-4.70299
-4.70329
-4.70336
-4.7027
-4.70221
-4.70133
-4.70074
-4.69885
-4.69774
-4.69658
-4.69593
-4.69519
-4.69525
-4.69527
-4.69479
-4.69469
-4.6953
-4.69431
-4.69281
-4.69204
-4.69173
-4.69183
-4.6939
-4.69731
-4.70016
-4.70158
-4.70224
-4.70246
-4.70307
-4.70454
-4.706
-4.70739
-4.71008
-4.71368
-4.71601
-4.71732
-4.71769
-4.71581
-4.71376
-4.71082
-4.70712
-4.7041
-4.70106
-4.69817
-4.69624
-4.6945
-4.69357
-4.69393
-4.69489
-4.69645
-4.69845
-4.69911
-4.69978
-4.70118
-4.70229
-4.70403
-4.70491
-4.70588
-4.70623
-4.70653
-4.70683
-4.70582
-4.70541
-4.70512
-4.70521
-4.7058
-4.706
-4.70857
-4.71075
-4.71089
-4.71074
-4.71086
-4.70993
-4.7076
-4.70558
-4.70397
-4.70207
-4.70052
-4.69899
-4.69661
-4.69506
-4.69378
-4.6921
-4.69131
-4.69107
-4.69013
-4.69059
-4.69196
-4.69395
-4.69518
-4.69671
-4.69844
-4.70005
-4.70087
-4.70148
-4.70303
-4.70568
-4.70653
-4.70921
-4.71024
-4.71062
-4.70964
-4.70719
-4.70659
-4.70635
-4.70747
-4.70885
-4.71079
-4.71211
-4.71142
-4.71007
-4.70606
-4.70259
-4.70018
-4.69992
-4.69928
-4.70199
-4.70467
-4.7067
-4.70845
-4.7095
-4.71027
-4.70877
-4.70679
-4.70403
-4.70163
-4.69979
-4.69758
-4.69673
-4.69716
-4.69779
-4.69853
-4.69996
-4.70233
-4.70449
-4.70689
-4.70933
-4.71051
-4.71153
-4.71187
-4.71239
-4.71279
-4.71097
-4.70942
-4.70722
-4.70516
-4.70302
-4.70144
-4.70014
-4.69982
-4.70046
-4.70096
-4.70147
-4.70221
-4.70189
-4.70253
-4.70203
-4.70065
-4.69941
-4.69789
-4.69713
-4.69523
-4.69323
-4.69178
-4.69198
-4.69157
-4.69118
-4.69094
-4.69
-4.68952
-4.68764
-4.68631
-4.68584
-4.6869
-4.68875
-4.69208
-4.69581
-4.69991
-4.70406
-4.70663
-4.71008
-4.71229
-4.71338
-4.71442
-4.71459
-4.71428
-4.7111
-4.70875
-4.7065
-4.70361
-4.70119
-4.69945
-4.69833
-4.69747
-4.69744
-4.6971
-4.69641
-4.69586
-4.69532
-4.69446
-4.69362
-4.69389
-4.69408
-4.69459
-4.69635
-4.69844
-4.70044
-4.70351
-4.70502
-4.70626
-4.70649
-4.70611
-4.70485
-4.70377
-4.7024
-4.70171
-4.70062
-4.69968
-4.69966
-4.6984
-4.69737
-4.69605
-4.69455
-4.69349
-4.6931
-4.69446
-4.69756
-4.70205
-4.70648
-4.71034
-4.71161
-4.71167
-4.7097
-4.70843
-4.70593
-4.70453
-4.70388
-4.70269
-4.70211
-4.70192
-4.70032
-4.69982
-4.69735
-4.6964
-4.69461
-4.69425
-4.69292
-4.69265
-4.69352
-4.69369
-4.69382
-4.6949
-4.69609
-4.69794
-4.69987
-4.70151
-4.70328
-4.70533
-4.70653
-4.7066
-4.70725
-4.70654
-4.70616
-4.70594
-4.70499
-4.70404
-4.70343
-4.70196
-4.70033
-4.69828
-4.69605
-4.69365
-4.69187
-4.69012
-4.69021
-4.68998
-4.69138
-4.69313
-4.69445
-4.69529
-4.69606
-4.6977
-4.70036
-4.70268
-4.7054
-4.70775
-4.70939
-4.71002
-4.70975
-4.70774
-4.70665
-4.70472
-4.70273
-4.69981
-4.69672
-4.69455
-4.69095
-4.68948
-4.68924
-4.68898
-4.68817
-4.68835
-4.68971
-4.69178
-4.69499
-4.69767
-4.70228
-4.70656
-4.7101
-4.71504
-4.71686
-4.71818
-4.71854
-4.71647
-4.71233
-4.70719
-4.70136
-4.69597
-4.69232
-4.69064
-4.68864
-4.68813
-4.68888
-4.68975
-4.69079
-4.69143
-4.69163
-4.69192
-4.69244
-4.692
-4.69267
-4.69227
-4.69177
-4.69162
-4.69137
-4.6921
-4.69358
-4.69383
-4.69436
-4.69572
-4.698
-4.70134
-4.70349
-4.70546
-4.70606
-4.70646
-4.70542
-4.70531
-4.70296
-4.70118
-4.69871
-4.69721
-4.69571
-4.69443
-4.69452
-4.69491
-4.69648
-4.69854
-4.70161
-4.70349
-4.70482
-4.70521
-4.70652
-4.70714
-4.70642
-4.70495
-4.70411
-4.703
-4.70121
-4.70192
-4.70251
-4.70317
-4.70279
-4.70177
-4.7004
-4.70043
-4.69976
-4.70053
-4.70168
-4.70361
-4.70605
-4.70856
-4.71026
-4.71147
-4.71162
-4.71195
-4.7106
-4.70983
-4.70767
-4.70508
-4.7039
-4.70279
-4.70194
-4.70191
-4.70236
-4.70217
-4.70335
-4.7043
-4.70663
-4.70821
-4.70906
-4.71014
-4.71135
-4.712
-4.71234
-4.71232
-4.71202
-4.71079
-4.70917
-4.70787
-4.70414
-4.70204
-4.69911
-4.69622
-4.69353
-4.69152
-4.69054
-4.69023
-4.68864
-4.68823
-4.68991
-4.69147
-4.6928
-4.69376
-4.69571
-4.69894
-4.70154
-4.70477
-4.70773
-4.71086
-4.7136
-4.71562
-4.71769
-4.71853
-4.71814
-4.71699
-4.71694
-4.71433
-4.71272
-4.71088
-4.70869
-4.70645
-4.70445
-4.70319
-4.70261
-4.70175
-4.70096
-4.70111
-4.70147
-4.702
-4.70252
-4.70223
-4.70114
-4.70016
-4.69802
-4.69543
-4.69259
-4.69136
-4.69126
-4.69215
-4.69501
-4.69903
-4.70398
-4.70826
-4.711
-4.71254
-4.71342
-4.71184
-4.70877
-4.70616
-4.70323
-4.70129
-4.69865
-4.69668
-4.69538
-4.69599
-4.69503
-4.69578
-4.69676
-4.69747
-4.69775
-4.69856
-4.6986
-4.69871
-4.70012
-4.70143
-4.70405
-4.7064
-4.7099
-4.71267
-4.71524
-4.71674
-4.7178
-4.71802
-4.7177
-4.71655
-4.71459
-4.71211
-4.71111
-4.70845
-4.70657
-4.70485
-4.70436
-4.70411
-4.70294
-4.70356
-4.70424
-4.70432
-4.70369
-4.70311
-4.70213
-4.70193
-4.70213
-4.70214
-4.70138
-4.70068
-4.70002
-4.69836
-4.69626
-4.69418
-4.69206
-4.69193
-4.69079
-4.69152
-4.69401
-4.69653
-4.69901
-4.69975
-4.70019
-4.69978
-4.70121
-4.70306
-4.70391
-4.70463
-4.70488
-4.70588
-4.70527
-4.70578
-4.7045
-4.70246
-4.69994
-4.69589
-4.69227
-4.68873
-4.68464
-4.68263
-4.68401
-4.6883
-4.69297
-4.69905
-4.70379
-4.70733
-4.70997
-4.71183
-4.71119
-4.71103
-4.70971
-4.70829
-4.70606
-4.70443
-4.70274
-4.70235
-4.70318
-4.70428
-4.70474
-4.70569
-4.70601
-4.70604
-4.70726
-4.70772
-4.70771
-4.70788
-4.70785
-4.70736
-4.70651
-4.70603
-4.70581
-4.70312
-4.7028
-4.70194
-4.7
-4.69861
-4.69757
-4.69682
-4.6952
-4.69459
-4.69361
-4.69273
-4.69207
-4.692
-4.69263
-4.69459
-4.69678
-4.69834
-4.6999
-4.70111
-4.7016
-4.70151
-4.70141
-4.70269
-4.70262
-4.70401
-4.70464
-4.70679
-4.7084
-4.70987
-4.70958
-4.70931
-4.70689
-4.7043
-4.7019
-4.70021
-4.69813
-4.69777
-4.69745
-4.69736
-4.69809
-4.69888
-4.70099
-4.70194
-4.70294
-4.70372
-4.70432
-4.70535
-4.70704
-4.70852
-4.71011
-4.71125
-4.71237
-4.71285
-4.71256
-4.71391
-4.71335
-4.71152
-4.70974
-4.70767
-4.70547
-4.7036
-4.70091
-4.69769
-4.69506
-4.69208
-4.68997
-4.68753
-4.68652
-4.68657
-4.68897
-4.69073
-4.69424
-4.69719
-4.70053
-4.70348
-4.70745
-4.71011
-4.712
-4.71352
-4.71489
-4.71466
-4.71448
-4.71254
-4.70943
-4.70678
-4.70419
-4.70136
-4.69893
-4.6963
-4.69438
-4.69439
-4.69359
-4.69387
-4.69432
-4.69669
-4.69927
-4.70199
-4.70446
-4.70649
-4.70898
-4.71051
-4.71117
-4.71146
-4.7114
-4.71119
-4.70914
-4.70708
-4.70497
-4.70295
-4.69989
-4.69791
-4.69644
-4.69574
-4.69602
-4.69694
-4.69859
-4.6998
-4.70135
-4.70311
-4.70579
-4.70722
-4.70813
-4.70947
-4.70978
-4.70937
-4.70918
-4.70742
-4.70642
-4.70587
-4.70476
-4.70426
-4.70413
-4.70457
-4.70438
-4.7045
-4.70295
-4.70046
-4.6976
-4.69637
-4.69313
-4.69085
-4.68957
-4.68901
-4.69144
-4.69437
-4.69874
-4.7027
-4.70619
-4.70963
-4.71107
-4.71154
-4.71099
-4.71011
-4.70883
-4.70688
-4.70547
-4.70367
-4.70296
-4.70173
-4.6998
-4.69737
-4.69624
-4.69375
-4.69287
-4.69178
-4.69025
-4.68923
-4.68876
-4.69015
-4.69265
-4.69606
-4.69978
-4.7039
-4.70797
-4.71083
-4.71313
-4.71372
-4.71462
-4.71395
-4.71193
-4.70975
-4.70748
-4.70494
-4.70389
-4.70251
-4.70163
-4.70108
-4.70155
-4.70205
-4.70237
-4.70296
-4.70368
-4.70362
-4.70371
-4.70387
-4.70513
-4.70377
-4.70292
-4.70096
-4.69904
-4.69842
-4.6984
-4.69852
-4.69997
-4.70277
-4.70539
-4.70664
-4.7083
-4.70836
-4.70821
-4.7062
-4.70442
-4.70184
-4.70004
-4.69929
