1.1
1.09894
1.09576
1.09035
1.08252
1.07197
1.05831
1.0411
1.0198
0.99388
0.96287
0.926499
0.884832
0.838412
0.788389
0.736587
0.685401
0.637515
0.595491
0.561327
0.536145
0.520109
0.512532
0.51213
0.517284
0.526279
0.53748
0.549454
0.561051
0.571446
0.580138
0.586943
0.59195
0.59544
0.59778
0.599323
0.600315
0.600847
0.60084
0.60006
0.598182
0.594886
0.589949
0.58332
0.575161
0.565866
0.556015
0.546267
0.537276
0.529616
0.52373
0.519931
0.518366
0.519004
0.521657
0.525978
0.531507
0.537715
0.544037
0.54993
0.554912
0.558625
0.560893
0.561738
0.561358
0.56008
0.558302
0.556424
0.554794
0.5537
0.5534
0.554105
0.555944
0.558913
0.562814
0.5673
0.57194
0.576323
0.580165
0.583321
0.585804
0.587759
0.589393
0.590928
0.592545
0.594347
0.596348
0.598471
0.600569
0.602461
0.603947
0.604845
0.605015
0.604382
0.602968
0.600906
0.598445
0.595888
0.593549
0.591684
0.590436
0.58979
0.589576
0.58953
0.589338
0.588725
0.587525
0.585705
0.583345
0.580548
0.577343
0.573631
0.569202
0.563833
0.557412
0.549997
0.541846
0.533398
0.525205
0.517842
0.511829
0.507558
0.505214
0.504745
0.505869
0.50813
0.511018
0.514103
0.51712
0.519974
0.522718
0.525507
0.528518
0.531908
0.535764
0.540065
0.544674
0.549369
0.553886
0.558005
0.561636
0.56484
0.56776
0.570518
0.573119
0.575412
0.577149
0.578101
0.578129
0.577222
0.575483
0.573118
0.570446
0.567894
0.565978
0.56526
0.566288
0.569488
0.575041
0.582782
0.592175
0.60239
0.612446
0.621408
0.628549
0.63344
0.635955
0.63621
0.63449
0.631188
0.626771
0.621712
0.616476
0.611475
0.607058
0.603477
0.600871
0.599269
0.598591
0.598647
0.599164
0.599832
0.600362
0.600543
0.600263
0.599515
0.598379
0.596995
0.595558
0.594315
0.593545
0.593528
0.594497
0.596559
0.599636
0.603438
0.607521
0.611421
0.614728
0.617176
0.618679
0.619294
0.619182
0.618571
0.617712
0.616838
0.616144
0.615769
0.615786
0.616182
0.61687
0.617697
0.618476
0.619021
0.619171
0.618818
0.617914
0.616473
0.614574
0.612348
0.60994
0.607476
0.605021
0.602536
0.599862
0.596761
0.592988
0.588411
0.583141
0.577601
0.572464
0.568435
0.565962
0.565065
0.565381
0.566416
0.567794
0.569394
0.571399
0.574211
0.578283
0.583957
0.591319
0.600103
0.609708
0.619309
0.628009
0.63501
0.639737
0.64189
0.641438
0.638591
0.633746
0.62745
0.620333
0.613032
0.606092
0.599896
0.594629
0.590285
0.586771
0.584001
0.581974
0.580788
0.580566
0.581329
0.582923
0.585019
0.587187
0.589029
0.590305
0.591026
0.591482
0.592143
0.593531
0.596067
0.599908
0.604873
0.610497
0.616197
0.621447
0.625871
0.629246
0.631477
0.632541
0.632444
0.63121
0.628858
0.625423
0.620959
0.615547
0.609328
0.6025
0.595329
0.588148
0.581293
0.575054
0.569639
0.565144
0.561559
0.558811
0.556831
0.555604
0.555194
0.555722
0.557304
0.559941
0.563429
0.567359
0.571199
0.574459
0.576891
0.57865
0.580297
0.582631
0.586285
0.591283
0.596873
0.601831
0.605051
0.606024
0.604944
0.60252
0.599678
0.597265
0.595869
0.595752
0.59687
0.598929
0.601447
0.60384
0.605506
0.605937
0.604832
0.602145
0.59805
0.592922
0.587265
0.581626
0.57654
0.57247
0.569771
0.568648
0.569168
0.571272
0.574787
0.579472
0.585021
0.591074
0.597254
0.603176
0.608477
0.612838
0.616034
0.617965
0.618679
0.618363
0.617309
0.615863
0.614362
0.613109
0.612299
0.611977
0.612027
0.612182
0.612075
0.611329
0.60964
0.606837
0.602927
0.598062
0.592485
0.586455
0.580158
0.573684
0.567035
0.560109
0.552735
0.544726
0.535962
0.526531
0.516832
0.507593
0.499741
0.494142
0.49134
0.491464
0.494333
0.499596
0.506836
0.51563
0.525519
0.535971
0.546398
0.556177
0.564717
0.571575
0.576524
0.579566
0.580914
0.580931
0.580026
0.578563
0.576786
0.574778
0.572503
0.569859
0.566752
0.563179
0.559263
0.555249
0.551489
0.548405
0.546413
0.545822
0.54676
0.549114
0.552547
0.556564
0.560602
0.564159
0.566872
0.56856
0.569243
0.569082
0.568305
0.567114
0.5656
0.563735
0.561369
0.558311
0.554452
0.549906
0.545152
0.541079
0.538836
0.539411
0.543095
0.549278
0.556733
0.564173
0.570686
0.575865
0.579711
0.582451
0.584378
0.585721
0.586573
0.586887
0.586521
0.585311
0.583158
0.580073
0.576209
0.571817
0.56715
0.562413
0.557761
0.553335
0.549307
0.545915
0.543433
0.542096
0.542042
0.54328
0.545684
0.54904
0.553085
0.557569
0.562273
0.566997
0.571554
0.575754
0.579406
0.582312
0.584291
0.585189
0.584889
0.58332
0.580472
0.576442
0.571444
0.565813
0.55996
0.554268
0.549011
0.544316
0.540195
0.536636
0.533703
0.531584
0.530551
0.530876
0.53271
0.535995
0.540445
0.545583
0.550799
0.555447
0.558937
0.560831
0.560894
0.559124
0.555713
0.550976
0.545268
0.538887
0.532049
0.524948
0.51783
0.511063
0.505137
0.500622
0.498073
0.497929
0.50046
0.50574
0.51366
0.523939
0.536095
0.549365
0.562699
0.574878
0.584749
0.591476
0.594736
0.594752
0.592192
0.587962
0.582943
0.577809
0.572978
0.568628
0.564764
0.561324
0.558208
0.55528
0.552388
0.549406
0.546267
0.54297
0.539549
0.536032
0.532453
0.528868
0.52538
0.522186
0.519572
0.517885
0.517436
0.518409
0.520799
0.524376
0.528721
0.533297
0.537554
0.541007
0.543287
0.544178
0.543634
0.541808
0.539017
0.535705
0.532389
0.529553
0.527574
0.526665
0.526885
0.528149
0.53028
0.533054
0.536173
0.53927
0.541963
0.543976
0.545237
0.545872
0.546138
0.546278
0.546405
0.546455
0.546233
0.545526
0.544206
0.542315
0.54011
0.538049
0.53669
0.536539
0.537917
0.540852
0.545097
0.55022
0.555718
0.561115
0.566001
0.570062
0.573088
0.574995
0.575821
0.57573
0.574996
0.57397
0.573061
0.57265
0.573041
0.574469
0.57705
0.580783
0.585577
0.591277
0.597667
0.604474
0.611385
0.618057
0.624099
0.629103
0.632708
0.634631
0.634667
0.632689
0.628656
0.622606
0.614677
0.605132
0.594352
0.582788
0.570896
0.55905
0.547529
0.53656
0.526402
0.517419
0.510063
0.504789
0.501967
0.501803
0.504305
0.509274
0.516345
0.525032
0.534761
0.544911
0.554878
0.564157
0.572391
0.579395
0.58513
0.589645
0.593006
0.595282
0.59653
0.596844
0.596383
0.595362
0.594025
0.592593
0.591194
0.589835
0.588399
0.586641
0.584234
0.580844
0.57622
0.570276
0.563175
0.5554
0.547717
0.541098
0.536537
0.534779
0.536099
0.540223
0.546413
0.553668
0.560951
0.567345
0.572173
0.575062
0.575915
0.574889
0.572333
0.568695
0.564413
0.559847
0.555244
0.550737
0.546379
0.542185
0.538178
0.534412
0.530979
0.528037
0.52585
0.524761
0.525138
0.527296
0.531376
0.537284
0.544672
0.553022
0.561744
0.570293
0.578211
0.585146
0.590871
0.595254
0.598275
0.600045
0.600785
0.600801
0.600404
0.599857
0.599341
0.598942
0.598689
0.5986
0.598695
0.59901
0.599579
0.600412
0.60147
0.60262
0.603644
0.60428
0.604251
0.603298
0.601234
0.597984
0.593643
0.588535
0.583207
0.5783
0.574374
0.571718
0.570291
0.569842
0.570084
0.570871
0.572216
0.574197
0.576849
0.580075
0.583652
0.587266
0.590558
0.593157
0.594671
0.594694
0.5928
0.588577
0.581722
0.572216
0.560544
0.547829
0.535735
0.525963
0.519612
0.516879
0.517253
0.519936
0.524141
0.529145
0.534296
0.539008
0.542825
0.545492
0.546994
0.547531
0.547481
0.547299
0.54739
0.548013
0.549241
0.551001
0.553169
0.55566
0.558458
0.561567
0.564966
0.568574
0.572251
0.575793
0.578955
0.581481
0.58315
0.583834
0.583501
0.582203
0.580018
0.577009
0.573199
0.56859
0.563202
0.557113
0.550489
0.543597
0.536791
0.530459
0.524967
0.520591
0.517469
0.515569
0.514684
0.514478
0.514585
0.514726
0.514806
0.514958
0.515489
0.516768
0.519086
0.522526
0.526915
0.531846
0.536756
0.541049
0.544217
0.545955
0.546209
0.545155
0.543145
0.540616
0.537995
0.53563
0.533757
0.532517
0.531978
0.532173
0.533139
0.534929
0.537628
0.541314
0.546023
0.551709
0.558241
0.565419
0.573031
0.580857
0.588679
0.596274
0.603386
0.60976
0.61513
0.619204
0.621692
0.622314
0.620829
0.617092
0.611105
0.603053
0.593327
0.582522
0.571392
0.560745
0.551323
0.543698
0.538219
0.535006
0.534006
0.535056
0.537934
0.54237
0.548047
0.554612
0.56166
0.568736
0.575364
0.581084
0.58552
0.588392
0.589534
0.588899
0.586553
0.582674
0.577539
0.571528
0.565114
0.558813
0.553143
0.548562
0.545405
0.543855
0.54394
0.545561
0.548524
0.552588
0.557466
0.562811
0.568186
0.573085
0.576996
0.579515
0.580427
0.579702
0.577448
0.573901
0.569396
0.564352
0.559214
0.554413
0.550328
0.54726
0.545439
0.544994
0.545926
0.548098
0.551263
0.555093
0.559213
0.563242
0.566833
0.569747
0.57191
0.573421
0.574522
0.575507
0.576611
0.577901
0.579243
0.580332
0.58076
0.580112
0.578046
0.574348
0.569006
0.562282
0.554758
0.547332
0.541089
0.537034
0.535801
0.537477
0.541634
0.54753
0.554342
0.561341
0.567949
0.573755
0.5785
0.582053
0.584373
0.585502
0.585565
0.58472
0.583095
0.580751
0.577652
0.573685
0.568721
0.562726
0.555833
0.548398
0.541
0.53437
0.529244
0.526207
0.525548
0.527204
0.530833
0.535925
0.541917
0.548268
0.554489
0.560137
0.564821
0.568249
0.570265
0.570904
0.570357
0.568917
0.566917
0.564669
0.562445
0.560471
0.558912
0.557847
0.557254
0.557011
0.556909
0.556687
0.556078
0.554848
0.552847
0.550047
0.54658
0.542724
0.538882
0.535544
0.533196
0.532218
0.532776
0.534735
0.537654
0.540868
0.543637
0.545354
0.545681
0.544613
0.542488
