1.65
1.64842
1.64364
1.63553
1.62378
1.60795
1.58747
1.56165
1.5297
1.49082
1.44431
1.38975
1.32725
1.25762
1.18258
1.10488
1.0281
0.956272
0.893237
0.84199
0.804218
0.780163
0.768799
0.768195
0.775926
0.789419
0.80622
0.824181
0.841577
0.857169
0.870207
0.880414
0.887925
0.89316
0.89667
0.898984
0.900473
0.90127
0.901259
0.900089
0.897273
0.892329
0.884924
0.87498
0.862741
0.848799
0.834023
0.819401
0.805915
0.794424
0.785595
0.779896
0.777548
0.778506
0.782485
0.788966
0.797261
0.806573
0.816056
0.824895
0.832368
0.837938
0.841339
0.842607
0.842037
0.84012
0.837453
0.834636
0.832191
0.83055
0.8301
0.831157
0.833917
0.83837
0.844221
0.85095
0.857909
0.864485
0.870247
0.874981
0.878706
0.881638
0.884089
0.886392
0.888818
0.891521
0.894522
0.897706
0.900854
0.903691
0.90592
0.907268
0.907522
0.906572
0.904452
0.90136
0.897668
0.893831
0.890323
0.887527
0.885653
0.884685
0.884364
0.884295
0.884007
0.883087
0.881287
0.878557
0.875018
0.870822
0.866015
0.860447
0.853803
0.84575
0.836118
0.824996
0.812769
0.800097
0.787807
0.776763
0.767744
0.761337
0.757821
0.757117
0.758803
0.762195
0.766527
0.771154
0.77568
0.77996
0.784077
0.78826
0.792777
0.797862
0.803645
0.810097
0.817011
0.824053
0.830829
0.837007
0.842454
0.84726
0.85164
0.855777
0.859678
0.863119
0.865724
0.867152
0.867194
0.865834
0.863225
0.859677
0.855669
0.851841
0.848967
0.84789
0.849432
0.854232
0.862562
0.874172
0.888263
0.903585
0.918669
0.932113
0.942823
0.95016
0.953932
0.954316
0.951735
0.946783
0.940156
0.932568
0.924713
0.917213
0.910586
0.905216
0.901306
0.898903
0.897887
0.897971
0.898746
0.899748
0.900543
0.900815
0.900394
0.899272
0.897568
0.895493
0.893337
0.891473
0.890318
0.890292
0.891745
0.894838
0.899453
0.905157
0.911282
0.917132
0.922092
0.925763
0.928018
0.928941
0.928773
0.927857
0.926569
0.925258
0.924216
0.923654
0.923679
0.924273
0.925305
0.926545
0.927714
0.928532
0.928757
0.928227
0.926871
0.92471
0.921861
0.918523
0.91491
0.911214
0.907532
0.903804
0.899794
0.895142
0.889482
0.882617
0.874711
0.866401
0.858697
0.852652
0.848943
0.847598
0.848071
0.849624
0.851691
0.854091
0.857099
0.861317
0.867424
0.875935
0.886979
0.900155
0.914562
0.928963
0.942014
0.952515
0.959605
0.962835
0.962158
0.957886
0.950618
0.941174
0.9305
0.919548
0.909138
0.899845
0.891943
0.885427
0.880156
0.876002
0.87296
0.871182
0.87085
0.871994
0.874384
0.877529
0.880781
0.883544
0.885458
0.886539
0.887224
0.888215
0.890297
0.894101
0.899862
0.90731
0.915746
0.924296
0.932171
0.938807
0.943868
0.947215
0.948812
0.948667
0.946815
0.943287
0.938134
0.931438
0.92332
0.913993
0.903751
0.892994
0.882222
0.87194
0.86258
0.854458
0.847716
0.842338
0.838217
0.835247
0.833407
0.832791
0.833583
0.835956
0.839912
0.845144
0.851038
0.856799
0.861689
0.865337
0.867974
0.870445
0.873947
0.879428
0.886924
0.895309
0.902747
0.907576
0.909036
0.907416
0.90378
0.899517
0.895897
0.893804
0.893628
0.895305
0.898394
0.902171
0.905761
0.908259
0.908905
0.907249
0.903217
0.897075
0.889383
0.880897
0.872439
0.864809
0.858705
0.854657
0.852972
0.853752
0.856908
0.86218
0.869208
0.877531
0.88661
0.89588
0.904764
0.912715
0.919258
0.924052
0.926947
0.928019
0.927545
0.925964
0.923794
0.921544
0.919663
0.918448
0.917966
0.918041
0.918273
0.918112
0.916993
0.91446
0.910256
0.90439
0.897093
0.888728
0.879682
0.870237
0.860526
0.850552
0.840164
0.829103
0.817089
0.803943
0.789797
0.775248
0.76139
0.749612
0.741213
0.737011
0.737196
0.7415
0.749394
0.760254
0.773445
0.788279
0.803957
0.819597
0.834266
0.847076
0.857363
0.864786
0.869349
0.871371
0.871396
0.870038
0.867845
0.86518
0.862167
0.858754
0.854789
0.850128
0.844769
0.838894
0.832873
0.827234
0.822608
0.81962
0.818733
0.82014
0.82367
0.828821
0.834846
0.840903
0.846238
0.850308
0.85284
0.853865
0.853623
0.852458
0.85067
0.8484
0.845602
0.842054
0.837467
0.831678
0.824859
0.817728
0.811618
0.808254
0.809116
0.814642
0.823917
0.8351
0.84626
0.856029
0.863797
0.869566
0.873676
0.876567
0.878582
0.879859
0.88033
0.879782
0.877967
0.874736
0.87011
0.864313
0.857725
0.850726
0.843619
0.836642
0.830003
0.82396
0.818873
0.815149
0.813143
0.813063
0.814919
0.818526
0.82356
0.829627
0.836353
0.843409
0.850496
0.857332
0.863632
0.869109
0.873468
0.876437
0.877783
0.877333
0.87498
0.870708
0.864662
0.857166
0.848719
0.83994
0.831402
0.823516
0.816474
0.810293
0.804954
0.800555
0.797376
0.795826
0.796314
0.799065
0.803992
0.810668
0.818374
0.826199
0.83317
0.838406
0.841247
0.841341
0.838686
0.833569
0.826464
0.817902
0.80833
0.798074
0.787422
0.776745
0.766595
0.757706
0.750933
0.74711
0.746894
0.75069
0.75861
0.77049
0.785909
0.804142
0.824047
0.844048
0.862317
0.877124
0.887215
0.892104
0.892129
0.888288
0.881943
0.874414
0.866713
0.859467
0.852941
0.847146
0.841986
0.837311
0.83292
0.828582
0.82411
0.819401
0.814455
0.809323
0.804048
0.79868
0.793302
0.78807
0.783279
0.779358
0.776828
0.776153
0.777614
0.781198
0.786565
0.793082
0.799945
0.806331
0.811511
0.814931
0.816267
0.815452
0.812712
0.808525
0.803558
0.798584
0.79433
0.791361
0.789998
0.790327
0.792223
0.79542
0.799581
0.804259
0.808905
0.812945
0.815965
0.817855
0.818809
0.819208
0.819418
0.819607
0.819683
0.81935
0.818288
0.816309
0.813473
0.810165
0.807073
0.805034
0.804809
0.806876
0.811278
0.817646
0.82533
0.833578
0.841672
0.849001
0.855093
0.859632
0.862492
0.863732
0.863596
0.862494
0.860955
0.859592
0.858975
0.859562
0.861703
0.865576
0.871175
0.878365
0.886915
0.896501
0.906711
0.917077
0.927085
0.936148
0.943655
0.949062
0.951947
0.952001
0.949034
0.942985
0.93391
0.922015
0.907698
0.891528
0.874183
0.856344
0.838575
0.821293
0.80484
0.789603
0.776128
0.765094
0.757183
0.75295
0.752705
0.756457
0.763911
0.774517
0.787548
0.802141
0.817366
0.832318
0.846235
0.858587
0.869092
0.877696
0.884467
0.889509
0.892922
0.894795
0.895266
0.894574
0.893043
0.891037
0.888889
0.886792
0.884753
0.882598
0.879962
0.876351
0.871265
0.86433
0.855413
0.844762
0.8331
0.821575
0.811646
0.804806
0.802169
0.804149
0.810335
0.81962
0.830502
0.841426
0.851017
0.85826
0.862593
0.863873
0.862333
0.8585
0.853043
0.846619
0.83977
0.832867
0.826106
0.819569
0.813277
0.807267
0.801618
0.796469
0.792055
0.788775
0.787142
0.787707
0.790944
0.797064
0.805926
0.817008
0.829533
0.842617
0.85544
0.867316
0.877719
0.886306
0.892881
0.897412
0.900067
0.901177
0.901201
0.900606
0.899785
0.899012
0.898413
0.898034
0.8979
0.898042
0.898515
0.899368
0.900618
0.902204
0.90393
0.905467
0.906421
0.906376
0.904947
0.901851
0.896975
0.890465
0.882803
0.874811
0.86745
0.861562
0.857577
0.855436
0.854763
0.855127
0.856306
0.858324
0.861296
0.865273
0.870112
0.875478
0.880898
0.885837
0.889735
0.892007
0.892041
0.8892
0.882866
0.872582
0.858325
0.840816
0.821744
0.803602
0.788945
0.779418
0.775319
0.775879
0.779904
0.786212
0.793718
0.801443
0.808512
0.814237
0.818239
0.82049
0.821296
0.821222
0.820949
0.821084
0.82202
0.823861
0.826501
0.829753
0.83349
0.837686
0.842351
0.847449
0.852861
0.858377
0.863689
0.868432
0.872221
0.874726
0.87575
0.875251
0.873305
0.870028
0.865514
0.859798
0.852884
0.844803
0.83567
0.825734
0.815396
0.805186
0.795689
0.78745
0.780886
0.776204
0.773354
0.772027
0.771718
0.771878
0.772089
0.772209
0.772437
0.773234
0.775151
0.778629
0.783789
0.790373
0.797769
0.805134
0.811573
0.816325
0.818933
0.819313
0.817732
0.814717
0.810924
0.806993
0.803445
0.800635
0.798775
0.797967
0.79826
0.799708
0.802394
0.806441
0.811971
0.819034
0.827563
0.837361
0.848129
0.859546
0.871285
0.883019
0.894411
0.905079
0.914639
0.922694
0.928806
0.932537
0.93347
0.931243
0.925638
0.916657
0.904579
0.88999
0.873783
0.857088
0.841118
0.826985
0.815547
0.807329
0.802509
0.801009
0.802584
0.806901
0.813555
0.822071
0.831919
0.84249
0.853104
0.863046
0.871625
0.87828
0.882588
0.884301
0.883348
0.879829
0.874012
0.866308
0.857293
0.847671
0.838219
0.829714
0.822842
0.818107
0.815782
0.815911
0.818342
0.822786
0.828882
0.8362
0.844216
0.852279
0.859627
0.865493
0.869272
0.870641
0.869552
0.866173
0.860851
0.854094
0.846527
0.838821
0.83162
0.825491
0.82089
0.818159
0.817492
0.818889
0.822147
0.826895
0.83264
0.83882
0.844863
0.850249
0.854621
0.857865
0.860131
0.861783
0.86326
0.864916
0.866852
0.868865
0.870497
0.871139
0.870168
0.867069
0.861522
0.85351
0.843423
0.832137
0.820998
0.811633
0.805551
0.803702
0.806215
0.812451
0.821294
0.831513
0.842012
0.851923
0.860632
0.867751
0.873079
0.876559
0.878253
0.878347
0.87708
0.874642
0.871126
0.866478
0.860527
0.853082
0.844088
0.83375
0.822597
0.8115
0.801556
0.793866
0.78931
0.788321
0.790806
0.796249
0.803887
0.812876
0.822403
0.831734
0.840206
0.847232
0.852374
0.855398
0.856355
0.855535
0.853376
0.850375
0.847003
0.843667
0.840706
0.838367
0.83677
0.835881
0.835516
0.835364
0.835031
0.834117
0.832272
0.829271
0.825071
0.819869
0.814086
0.808322
0.803315
0.799794
0.798328
0.799164
0.802102
0.806481
0.811302
0.815456
0.818031
0.818521
0.81692
0.813731
