-5.53402
-5.49831
-5.43838
-5.3535
-5.24257
-5.10413
-4.93654
-4.73815
-4.50762
-4.2443
-3.94881
-3.62375
-3.27435
-2.90911
-2.53986
-2.18103
-1.84806
-1.55512
-1.3129
-1.12714
-0.998316
-0.922378
-0.892055
-0.898279
-0.931409
-0.982147
-1.04221
-1.10474
-1.16454
-1.21813
-1.26376
-1.30106
-1.33071
-1.35394
-1.37192
-1.38538
-1.39431
-1.39796
-1.39495
-1.38367
-1.36266
-1.33106
-1.28901
-1.23785
-1.18008
-1.11907
-1.05856
-1.0022
-0.953216
-0.914152
-0.886762
-0.871881
-0.869389
-0.878196
-0.896375
-0.921406
-0.950351
-0.980131
-1.00778
-1.03069
-1.04702
-1.05584
-1.05723
-1.05226
-1.0427
-1.03067
-1.01832
-1.00753
-0.999927
-0.996954
-0.99979
-1.00914
-1.02491
-1.04603
-1.07056
-1.09621
-1.12084
-1.14291
-1.16168
-1.17718
-1.19004
-1.2012
-1.21164
-1.22216
-1.23316
-1.24462
-1.25611
-1.26689
-1.27603
-1.28258
-1.2857
-1.28476
-1.27955
-1.27035
-1.25804
-1.24394
-1.22965
-1.21673
-1.20639
-1.19919
-1.19491
-1.19251
-1.1904
-1.18682
-1.18027
-1.16981
-1.15523
-1.13691
-1.11531
-1.09054
-1.0621
-1.02905
-0.990564
-0.946443
-0.897408
-0.845227
-0.79251
-0.742331
-0.697774
-0.661527
-0.635557
-0.620747
-0.616721
-0.621881
-0.633785
-0.649822
-0.66782
-0.68645
-0.705247
-0.724454
-0.74478
-0.767069
-0.792041
-0.82005
-0.850905
-0.883843
-0.917666
-0.951015
-0.982781
-1.01246
-1.04016
-1.06636
-1.09138
-1.1149
-1.13582
-1.1527
-1.16431
-1.17004
-1.16992
-1.16467
-1.15557
-1.14447
-1.13377
-1.12628
-1.125
-1.13275
-1.15157
-1.18215
-1.2234
-1.2723
-1.32439
-1.37462
-1.41834
-1.45203
-1.47367
-1.48272
-1.47983
-1.46657
-1.44504
-1.41768
-1.38698
-1.35541
-1.32517
-1.2981
-1.27553
-1.25824
-1.24636
-1.23944
-1.23643
-1.23587
-1.23614
-1.23578
-1.2337
-1.22934
-1.22266
-1.21402
-1.20418
-1.1942
-1.18536
-1.17911
-1.17691
-1.17989
-1.18848
-1.20218
-1.21941
-1.23794
-1.25535
-1.26965
-1.27957
-1.28466
-1.28523
-1.28211
-1.27643
-1.26939
-1.26212
-1.25555
-1.25031
-1.24673
-1.2447
-1.24367
-1.24286
-1.24131
-1.23811
-1.23253
-1.22417
-1.21287
-1.19886
-1.18272
-1.16526
-1.14739
-1.12985
-1.11297
-1.09655
-1.07978
-1.0615
-1.0406
-1.01664
-0.990369
-0.964128
-0.941402
-0.92564
-0.918769
-0.920495
-0.928808
-0.941215
-0.955981
-0.972719
-0.992474
-1.01719
-1.04894
-1.0891
-1.13761
-1.19264
-1.25069
-1.30725
-1.35763
-1.39777
-1.42483
-1.43738
-1.43537
-1.42005
-1.39365
-1.35916
-1.31992
-1.27928
-1.24011
-1.20443
-1.17319
-1.14648
-1.12397
-1.10541
-1.09102
-1.08143
-1.07721
-1.07841
-1.08415
-1.09267
-1.10178
-1.10959
-1.11511
-1.11868
-1.12192
-1.12727
-1.13738
-1.15416
-1.17811
-1.20797
-1.24107
-1.27429
-1.30485
-1.33073
-1.35072
-1.36417
-1.37073
-1.37028
-1.36283
-1.3485
-1.32755
-1.30043
-1.26779
-1.23059
-1.19015
-1.14814
-1.10648
-1.06706
-1.03151
-1.00094
-0.975852
-0.95625
-0.941852
-0.932376
-0.927797
-0.928415
-0.934776
-0.947282
-0.96569
-0.988699
-1.01398
-1.03869
-1.06037
-1.0779
-1.09211
-1.10583
-1.12286
-1.14597
-1.17469
-1.20477
-1.22996
-1.2452
-1.24867
-1.24202
-1.22928
-1.21525
-1.20406
-1.19849
-1.19968
-1.20723
-1.21947
-1.23384
-1.24726
-1.25666
-1.2596
-1.2547
-1.24185
-1.22211
-1.19753
-1.17074
-1.14458
-1.12183
-1.10493
-1.09567
-1.09507
-1.10342
-1.12037
-1.145
-1.17596
-1.21157
-1.24994
-1.289
-1.32668
-1.36103
-1.39035
-1.41344
-1.42979
-1.43966
-1.44395
-1.44402
-1.44146
-1.43781
-1.43438
-1.43198
-1.43067
-1.4297
-1.42761
-1.42258
-1.4128
-1.39695
-1.37444
-1.34561
-1.31154
-1.27371
-1.23354
-1.19216
-1.15017
-1.10763
-1.0641
-1.01885
-0.971087
-0.920467
-0.867719
-0.81521
-0.766933
-0.727705
-0.701766
-0.69158
-0.697527
-0.718436
-0.752358
-0.797076
-0.850237
-0.909228
-0.971043
-1.03233
-1.08961
-1.1397
-1.18025
-1.21006
-1.22913
-1.23852
-1.23999
-1.23558
-1.22707
-1.21565
-1.20178
-1.18532
-1.16594
-1.14341
-1.11803
-1.09065
-1.06271
-1.03623
-1.01347
-0.996615
-0.987258
-0.985991
-0.992164
-1.00402
-1.01903
-1.03443
-1.04775
-1.05727
-1.0622
-1.06268
-1.0595
-1.05375
-1.04629
-1.0375
-1.02714
-1.01448
-0.99875
-0.979702
-0.958261
-0.937165
-0.921151
-0.916011
-0.926328
-0.95289
-0.991874
-1.03669
-1.08086
-1.12007
-1.15247
-1.17811
-1.198
-1.21334
-1.22494
-1.23297
-1.23699
-1.23613
-1.22953
-1.21675
-1.19802
-1.17431
-1.14703
-1.11761
-1.08724
-1.05688
-1.02748
-1.0002
-0.976413
-0.957644
-0.945098
-0.939433
-0.940609
-0.947865
-0.959986
-0.975574
-0.993273
-1.01187
-1.03027
-1.04747
-1.06243
-1.07414
-1.08161
-1.08394
-1.08046
-1.07067
-1.05433
-1.03154
-1.00295
-0.969784
-0.933875
-0.897357
-0.862229
-0.829861
-0.800853
-0.775287
-0.753165
-0.734942
-0.721678
-0.714834
-0.715722
-0.724903
-0.741804
-0.764686
-0.79084
-0.816946
-0.839554
-0.855564
-0.862672
-0.859654
-0.846438
-0.823916
-0.793638
-0.757343
-0.716601
-0.672726
-0.626991
-0.581057
-0.537277
-0.498615
-0.468325
-0.449463
-0.444403
-0.454536
-0.480144
-0.520464
-0.573705
-0.636875
-0.705495
-0.77369
-0.834833
-0.882816
-0.91342
-0.925179
-0.919482
-0.899933
-0.871252
-0.838011
-0.803801
-0.770921
-0.740492
-0.712935
-0.688302
-0.666416
-0.646877
-0.629178
-0.612836
-0.597591
-0.583419
-0.570411
-0.558651
-0.548158
-0.538997
-0.531537
-0.52658
-0.525402
-0.529484
-0.540104
-0.557876
-0.582414
-0.612268
-0.645159
-0.678342
-0.709081
-0.735042
-0.754536
-0.766701
-0.771556
-0.770046
-0.763964
-0.755713
-0.747946
-0.743066
-0.742838
-0.748185
-0.7592
-0.775386
-0.79581
-0.819212
-0.843904
-0.867908
-0.889281
-0.906586
-0.919403
-0.928327
-0.934529
-0.939069
-0.942378
-0.944093
-0.943344
-0.93929
-0.931604
-0.920903
-0.908904
-0.898259
-0.891992
-0.892759
-0.902074
-0.919936
-0.944987
-0.974944
-1.0072
-1.03929
-1.06908
-1.09495
-1.11583
-1.13129
-1.14155
-1.14746
-1.15048
-1.15243
-1.1553
-1.16096
-1.17084
-1.18593
-1.20658
-1.23263
-1.26349
-1.29818
-1.33539
-1.37364
-1.41118
-1.44609
-1.47628
-1.49964
-1.5143
-1.51877
-1.51201
-1.49349
-1.46316
-1.42142
-1.36919
-1.30809
-1.24035
-1.16859
-1.09541
-1.02298
-0.952947
-0.886745
-0.825993
-0.772785
-0.729571
-0.698692
-0.681927
-0.680125
-0.693064
-0.719543
-0.757549
-0.804423
-0.857057
-0.912128
-0.966462
-1.01739
-1.06299
-1.10221
-1.13474
-1.1607
-1.18034
-1.19392
-1.2017
-1.20418
-1.20222
-1.197
-1.18979
-1.18168
-1.1733
-1.16463
-1.15508
-1.14341
-1.12815
-1.10781
-1.08138
-1.04876
-1.01119
-0.971422
-0.933605
-0.902755
-0.883715
-0.879854
-0.892065
-0.91841
-0.954726
-0.995704
-1.03595
-1.07083
-1.09697
-1.1125
-1.11702
-1.11144
-1.09761
-1.07784
-1.05442
-1.02929
-1.00382
-0.978874
-0.954951
-0.932395
-0.911566
-0.892955
-0.877294
-0.865627
-0.859392
-0.860376
-0.870437
-0.89098
-0.922439
-0.963958
-1.01346
-1.06804
-1.12452
-1.17996
-1.23189
-1.27847
-1.3184
-1.35096
-1.37607
-1.3943
-1.40678
-1.41499
-1.42051
-1.42463
-1.42821
-1.43167
-1.43515
-1.43874
-1.44254
-1.44669
-1.45141
-1.45676
-1.46253
-1.46802
-1.47218
-1.47376
-1.4715
-1.46434
-1.45159
-1.43316
-1.40984
-1.38357
-1.35732
-1.3344
-1.31753
-1.30793
-1.30515
-1.30773
-1.31415
-1.32355
-1.33578
-1.3509
-1.36866
-1.38812
-1.40772
-1.42548
-1.43928
-1.44699
-1.44658
-1.43602
-1.41332
-1.3767
-1.32511
-1.25907
-1.18176
-1.09958
-1.02142
-0.95597
-0.908497
-0.879631
-0.866692
-0.865925
-0.873678
-0.886559
-0.901327
-0.915043
-0.925433
-0.931218
-0.932253
-0.929507
-0.924768
-0.920176
-0.917646
-0.918352
-0.922559
-0.929894
-0.939788
-0.951909
-0.966192
-0.982645
-1.00107
-1.02095
-1.0414
-1.06121
-1.07897
-1.09321
-1.10274
-1.10688
-1.10542
-1.0986
-1.08674
-1.07013
-1.04889
-1.02309
-0.992891
-0.958791
-0.921804
-0.883465
-0.845702
-0.810587
-0.780029
-0.75542
-0.737397
-0.725672
-0.719084
-0.715899
-0.714304
-0.713009
-0.711689
-0.71113
-0.712911
-0.718838
-0.730215
-0.747255
-0.768839
-0.79268
-0.815778
-0.83509
-0.848162
-0.853598
-0.851297
-0.842377
-0.82882
-0.813
-0.797214
-0.783353
-0.772786
-0.766413
-0.764789
-0.76829
-0.777284
-0.792202
-0.813488
-0.841481
-0.876212
-0.917236
-0.963653
-1.01424
-1.06768
-1.12261
-1.17762
-1.23129
-1.28212
-1.32859
-1.36917
-1.40228
-1.4264
-1.44012
-1.44231
-1.4324
-1.41061
-1.37812
-1.33721
-1.29115
-1.24397
-1.19986
-1.1626
-1.13503
-1.11879
-1.11439
-1.12146
-1.13901
-1.16569
-1.19989
-1.2398
-1.2833
-1.32802
-1.37131
-1.41046
-1.44296
-1.46675
-1.48034
-1.48294
-1.47443
-1.45533
-1.42679
-1.39057
-1.34899
-1.30484
-1.26117
-1.22095
-1.18679
-1.1606
-1.14347
-1.13568
-1.1368
-1.1459
-1.16168
-1.1826
-1.20668
-1.23146
-1.25412
-1.27191
-1.28279
-1.28569
-1.28049
-1.26776
-1.24875
-1.22518
-1.19915
-1.17296
-1.14873
-1.12832
-1.11323
-1.10453
-1.10276
-1.10776
-1.1187
-1.13421
-1.15258
-1.17189
-1.19022
-1.20588
-1.21774
-1.22555
-1.22991
-1.23212
-1.23363
-1.23547
-1.2378
-1.23979
-1.23985
-1.23596
-1.22613
-1.2088
-1.1831
-1.14927
-1.1089
-1.06526
-1.02307
-0.987888
-0.96463
-0.956186
-0.962637
-0.981561
-1.0091
-1.04109
-1.07388
-1.1046
-1.13121
-1.15233
-1.16719
-1.1755
-1.17742
-1.17347
-1.16431
-1.15043
-1.13199
-1.1087
-1.08002
-1.04549
-1.00519
-0.960168
-0.912637
-0.865913
-0.823955
-0.790637
-0.768868
-0.759961
-0.763492
-0.777636
-0.799735
-0.826918
-0.85644
-0.88581
-0.912732
-0.93522
-0.951784
-0.961709
-0.965252
-0.963469
-0.957925
-0.950325
-0.942254
-0.93506
-0.929823
-0.927307
-0.927812
-0.931099
-0.936394
-0.942497
-0.947941
-0.951247
-0.951194
-0.947043
-0.938738
-0.927003
-0.913337
-0.899855
-0.88902
-0.8832
-0.884125
-0.892414
-0.907157
-0.925919
-0.945239
-0.961504
-0.971855
-0.974871
-0.970837
-0.961691
-0.950679
