-22.4982
-40.7116
-49.0647
-43.4073
-36.7295
-48.7263
-54.8123
-52.1824
-51.8287
-45.0702
-40.6159
-46.8082
-41.9792
-37.1319
-39.1112
-42.286
-41.6993
-47.394
-50.3169
-36.4127
-41.5091
-52.5785
-47.7603
-39.1868
-52.5736
-55.5418
-53.5668
-51.4625
-47.1691
-50.1856
-49.472
-43.7288
-44.1474
-41.1817
-42.17
-48.275
-49.5691
-46.6137
-41.1102
-39.9374
-46.0183
-53.6263
-47.5343
-45.3116
-49.7035
-49.4717
-45.0044
-42.3586
-52.7617
-52.686
-40.1735
-49.7349
-48.1757
-34.7996
-38.9896
-45.9852
-46.2781
-44.7481
-48.9527
-52.6338
-51.2187
-47.1346
-43.9116
-49.4679
-38.9652
-42.7682
-39.7252
-42.1289
-46.438
-52.143
-47.1554
-52.5695
-53.4389
-53.5074
-48.3706
-51.308
-45.3836
-39.6741
-48.6124
-43.4162
-44.9351
-40.2237
-50.5786
-47.2493
-45.4825
-51.7044
-47.1754
-50.9267
-49.3398
-47.459
-47.3826
-47.1385
-51.9009
-56.3315
-61.682
-56.9357
-58.3756
-54.5986
-51.6601
-48.8533
-40.6863
-37.0207
-37.7126
-35.0063
-43.0456
-46.0845
-41.7947
-38.1787
-38.8865
-43.8036
-43.5122
-39.7589
-37.9577
-41.6608
-41.4349
-46.57
-45.5676
-45.5905
-40.5873
-39.5613
-47.1807
-43.8736
-39.667
-40.7492
-42.8674
-42.7084
-42.1384
-38.8854
-47.6471
-45.5513
-46.8341
-40.5546
-41.0761
-44.04
-40.3031
-50.7443
-47.6016
-45.151
-48.9751
-46.088
-45.9662
-41.2748
-40.8676
-38.3669
-44.3708
-42.7509
-41.677
-39.879
-50.1845
-51.8397
-49.8461
-44.1905
-48.8716
-43.2397
-41.5081
-41.488
-41.8478
-39.219
-39.7867
-44.5172
-46.3593
-50.1135
-49.59
-50.0077
-43.9289
-37.5776
-35.4845
-35.2505
-41.8224
-35.2953
-43.3801
-44.4878
-47.5616
-42.8767
-48.1838
-50.04
-49.4413
-46.7569
-53.8395
-53.2076
-43.5089
-45.4187
-49.0906
-43.4502
-43.3853
-40.502
-47.6056
-47.7738
-53.9647
-46.1224
-47.851
-49.5618
-45.4386
-51.5717
-50.1813
-46.1779
-44.0635
-41.009
-41.5681
-46.6234
-39.5477
-48.2956
-47.631
-49.4283
-49.4539
-55.6305
-47.9036
-45.3149
-47.7518
-45.1183
-47.9737
-43.0323
-39.424
-41.4013
-40.5392
-47.9598
-50.0977
-49.2493
-52.4746
-50.002
-53.5413
-52.3165
-54.2767
-49.0228
-47.1595
-44.8581
-40.6391
-42.644
-44.7223
-42.1728
-46.2481
-45.2585
-42.864
-40.1152
-40.1295
-38.5971
-44.7408
-42.8136
-39.2202
-39.3791
-47.0151
-42.4377
-44.7954
-47.4309
-45.2237
-46.7506
-45.8829
-52.3248
-44.5295
-41.7403
-50.6366
-44.355
-41.4758
-50.6493
-50.748
-47.7909
-48.127
-49.9968
-45.8743
-51.3471
-51.013
-49.5952
-54.8762
-44.9831
-60.6742
-49.6889
-43.8218
-41.9731
-46.6308
-49.7793
-47.6157
-45.2818
-48.4538
-42.2721
-49.5452
-42.3153
-43.093
-36.8722
-40.5633
-46.0008
-43.2182
-42.668
-45.0928
-45.2593
-50.5593
-45.7697
-44.5571
-47.0105
-36.8627
-34.1321
-40.7032
-49.7726
-38.1811
-43.9088
-39.6848
-41.644
-43.8222
-40.1937
-32.7554
-36.9987
-39.8249
-42.6651
-38.5519
-41.2193
-46.7165
-42.7239
-37.4343
-39.422
-37.7458
-35.258
-48.2245
-53.2884
-45.2683
-58.323
-53.3932
-52.5212
-38.645
-35.2821
-40.9651
-44.2754
-51.5634
-53.6928
-40.852
-38.1557
-37.8805
-38.7774
-39.6903
-40.6219
-39.2256
-38.7008
-31.5338
-46.5115
-45.6189
-41.9502
-45.9221
-44.8681
-43.7566
-44.1608
-52.59
-49.7741
-44.7833
-41.7437
-41.6145
-41.4458
-47.8208
-46.1973
-43.9565
-40.3772
-44.1538
-43.7857
-42.3951
-42.6533
-40.9103
-41.3615
-34.5232
-39.3166
-47.0445
-38.4414
-37.7435
-36.707
-42.2081
-39.0434
-38.955
-33.7036
-34.7427
-38.0844
-42.3587
-48.337
-49.4491
-48.2532
-47.0581
-40.4405
-34.7656
-43.5414
-44.1412
-45.5403
-48.0831
-48.3979
-48.2078
-35.2678
-40.5613
-42.2813
-51.5475
-50.2932
-45.5942
-39.6638
-39.4708
-38.7704
-41.1948
-49.0348
-46.7224
-36.733
-41.2358
-46.5886
-47.4628
-48.9526
-53.5411
-51.4135
-46.7445
-44.4239
-42.511
-48.0528
-46.2087
-44.5052
-49.197
-39.215
-43.5707
-45.3177
-40.319
-41.0776
-39.5706
-44.4549
-51.7167
-40.7555
-38.2749
-39.3548
-37.8804
-41.6523
-44.4556
-44.0483
-41.0116
-45.5391
-41.6821
-46.1552
-39.8476
-43.5424
-43.6152
-49.4843
-54.9066
-53.5727
-57.5686
-50.0698
-42.2842
-42.5177
-52.4476
-45.8259
-44.841
-44.5081
-50.599
-44.8767
-43.7303
-42.4207
-41.7448
-51.0279
-50.4422
-43.8672
-40.4925
-42.1405
-43.2262
-43.2903
-43.1827
-40.6928
-46.1038
-47.7665
-44.613
-44.8087
-49.8637
-43.5546
-43.4732
-42.8473
-45.6571
-46.1635
-43.177
-39.6594
-51.9393
-49.2616
-46.0785
-43.1243
-39.6334
-37.9689
-35.3417
-37.6489
-38.3255
-45.5946
-33.2378
-37.1149
-42.4382
-43.9734
-35.5517
-37.0609
-40.4309
-42.8114
-45.1602
-52.2595
-43.6746
-50.8593
-42.6985
-42.7889
-39.7627
-52.3175
-46.4385
-37.3363
-40.067
-44.7333
-45.342
-48.4316
-46.5584
-47.9666
-43.6629
-39.3341
-37.481
-47.6447
-46.9167
-45.6428
-46.2029
-56.3805
-48.2755
-49.5308
-45.1615
-39.3172
-44.4934
-43.6817
-42.2233
-44.0395
-44.311
-44.3275
-50.2442
-51.5904
-45.1026
-47.8885
-38.1038
-36.4273
-34.625
-29.7278
-36.1083
-37.2198
-33.0113
-41.5075
-45.4939
-45.0594
-48.8087
-47.7682
-47.5857
-45.5121
-49.2278
-46.3737
-45.2438
-41.7468
-43.5825
-36.0904
-41.9891
-37.6322
-42.5876
-36.7724
-40.5858
-46.7027
-49.1946
-56.7704
-55.063
-56.1746
-47.4196
-46.808
-45.4498
-39.369
-39.6245
-42.8901
-45.136
-38.647
-41.9311
-35.3941
-37.4559
-40.4533
-38.5102
-38.554
-41.71
-44.9857
-40.8726
-43.3829
-41.3664
-39.8239
-45.5778
-38.8897
-53.2444
-49.1334
-54.2303
-56.2682
-52.8446
-44.2555
-46.3786
-52.3867
-48.5395
-41.4018
-39.0653
-35.0424
-34.58
-38.5377
-43.8566
-39.6405
-38.6536
-46.0949
-50.1158
-43.7603
-41.4128
-49.6595
-48.5211
-49.8708
-56.9617
-51.3558
-55.7152
-44.6943
-40.8136
-47.7017
-49.8227
-45.4318
-48.6377
-42.1288
-42.043
-42.3958
-41.1105
-38.199
-36.2904
-43.4261
-40.4655
-44.1937
-43.6138
-50.8506
-44.9273
-48.0899
-51.5851
-46.6837
-46.9665
-52.3377
-53.1574
-46.9597
-47.8181
-43.9859
-43.0475
-42.9305
-39.4003
-42.3497
-42.0962
-47.1286
-56.3623
-53.6737
-44.5231
-53.483
-56.5215
-59.4424
-54.066
-53.0287
-51.1614
-49.3263
-53.0111
-46.112
-52.1952
-51.712
-48.8512
-52.0006
-51.3593
-48.811
-54.1105
-53.7461
-46.6072
-47.4577
-51.0921
-39.4565
-38.8657
-45.9842
-41.8533
-44.2183
-45.1973
-52.4992
-52.0875
-48.1536
-36.7335
-36.6458
-41.0236
-35.7644
-33.5935
-36.4333
-34.9269
-37.4873
-44.2351
-44.1901
-41.4291
-44.5087
-47.7547
-52.3168
-56.3814
-44.7969
-49.2106
-47.3202
-52.7649
-51.1028
-52.2089
-47.8837
-49.7743
-50.0376
-49.2184
-41.6767
-46.0376
-51.9172
-49.5034
-59.1427
-61.5856
-53.1091
-45.2216
-43.1837
-45.6341
-43.8047
-43.2807
-49.1479
-47.0447
-49.1477
-42.0707
-43.22
-46.3189
-45.4718
-47.2921
-43.9782
-46.8761
-40.0443
-34.8811
-47.3768
-51.2638
-42.3712
-45.0395
-47.1416
-42.4335
-34.7572
-35.1976
-43.5242
-41.4396
-41.1717
-40.3952
-48.1305
-41.1385
-48.3996
-48.2379
-52.6029
-47.9476
-43.7498
-36.2588
-38.2377
-38.661
-40.4335
-41.4702
-40.5597
-33.1411
-43.9658
-46.0006
-39.4949
-45.1104
-41.4629
-37.0356
-38.2127
-38.5397
-46.9621
-39.3004
-36.3787
-35.1667
-36.7371
-35.177
-41.2359
-38.9172
-34.2824
-33.1108
-37.1261
-41.061
-45.0428
-43.2429
-50.4952
-41.6539
-40.0218
-37.9545
-46.2435
-51.2236
-43.4631
-46.5184
-42.7981
-44.343
-47.2297
-44.5879
-42.8348
-44.9926
-43.0784
-42.8737
-37.1226
-36.7755
-41.419
-38.3447
-40.6802
-43.5544
-51.588
-49.6108
-44.6665
-48.7322
-41.4293
-42.7379
-43.35
-41.7067
-48.0923
-47.8505
-41.8212
-48.3414
-48.6198
-45.5616
-42.0294
-38.9247
-37.8197
-35.979
-38.2012
-43.6183
-47.2789
-44.5609
-44.0609
-38.8002
-47.2964
-45.615
-47.1054
-37.7188
-37.2038
-42.2819
-44.3271
-45.7064
-43.0332
-46.1385
-45.798
-46.0193
-41.4662
-45.5693
-47.1952
-51.0732
-46.961
-49.6749
-46.796
-49.4441
-46.9755
-43.7581
-47.356
-57.4798
-57.5976
-51.0459
-43.4178
-47.1439
-45.3868
-49.739
-49.3268
-49.464
-42.6658
-40.8074
-45.4244
-40.177
-40.629
-41.8906
-40.087
-41.1807
-39.732
-47.076
-49.8853
-36.1985
-38.1106
-36.4963
-37.9217
-43.5824
-40.4936
-30.4893
-36.2503
-38.3298
-40.7152
-42.2602
-40.4109
-42.65
-41.3707
-38.3048
-31.7438
-35.1954
-35.4571
-40.7468
-42.2458
-39.7407
-39.7148
-38.7846
-41.6614
-36.207
-37.7082
-43.3057
-35.7702
-44.7125
-39.8593
-39.1527
-42.0203
-40.8884
-44.233
-45.092
-36.141
-37.46
-44.1437
-36.916
-46.4685
-47.6317
-47.4801
-41.1568
-38.6486
-41.3225
-47.0829
-45.4531
-47.0312
-46.3247
-40.2308
-32.6928
-43.7636
-41.2525
-41.5052
-48.5383
-49.6623
-45.4176
-43.6757
-44.0657
-42.8236
-41.9203
-45.9966
-51.3295
-50.147
-44.7987
-50.538
-54.3726
-44.9744
-43.0856
-46.9143
-40.8213
-43.0395
-38.5074
-39.4997
-41.5777
-45.2382
-41.9261
-51.6819
-45.6275
-42.491
-43.542
-43.8077
-49.7178
-50.3258
-54.6161
-47.7587
-40.081
-41.1068
-48.2492
-47.2991
-38.6504
-41.1685
-40.075
-43.9054
-45.1701
-42.2294
-36.9562
-36.4144
-40.3842
-50.4999
-42.4216
-43.0433
-40.2204
-44.9322
-50.2571
-55.3959
-55.6329
-47.5386
-44.1499
-31.2187
-41.0314
-46.8972
-41.7657
-42.3401
-43.7721
-45.1912
-48.0014
-44.8494
-46.2928
-45.1792
-50.0361
-52.2615
-48.0666
-48.2485
-45.7604
-48.0425
-36.3575
-44.5427
-48.3336
-43.3341
-38.5478
-39.907
-44.0742
-42.0427
-43.892
-47.1823
-38.4157
-43.7842
-43.7702
-43.0462
-46.0283
-46.8311
-46.8168
-43.9483
-54.2523
-61.4729
-49.4825
-47.6956
-43.4151
-35.447
-38.1802
-43.0349
-45.1026
-45.2172
-44.2878
-43.556
-42.4199
-43.7739
-46.9212
-41.6148
-49.8356
-41.1928
-38.3451
-40.2682
-37.9417
-39.6626
-43.5464
-49.3804
-45.1643
-35.0972
-37.811
-40.9584
-33.498
-36.8259
-32.8429
-41.0684
-45.6547
-41.3898
-40.3657
-40.6515
-43.9789
-41.3434
-49.6298
-40.8393
-35.1055
-36.8914
-35.462
-33.6535
-41.8911
-41.0648
-45.2389
-40.7096
-38.083
-40.1273
-50.807
-43.4057
-52.9156
-50.8986
-48.5497
-51.0171
-44.0602
-54.1485
-51.9337
-49.647
-46.8509
-41.3488
-42.0408
-37.5763
-46.9666
-41.5198
-48.3968
-48.8213
-43.1456
-43.4312
-40.9001
-39.6622
-45.0643
-52.0421
-60.3822
-51.4833
-42.4279
-39.2041
-38.6509
-37.4288
-39.7543
-38.6733
-41.9868
-45.5232
-43.446
-42.3289
-47.2585
-45.195
-35.4177
-38.1034
-42.3401
-47.4863
-41.3926
-31.7671
-41.1159
-50.356
-42.1318
-40.963
-46.1201
-42.4818
-44.4407
-45.6765
-48.4439
-42.4963
-45.7153
-47.6513
-49.3092
-51.9286
-52.5586
-56.5709
-53.9432
-54.4986
-61.8579
-50.5085
-43.9486
-51.2588
-47.1797
-40.7483
-44.6514
-40.5912
-39.6557
-41.1479
-39.8377
-39.5077
-45.4907
-45.2691
-45.1875
-45.4719
-52.9984
-49.148
-47.6691
-44.9188
-47.9433
-42.2461
-45.8851
-43.4599
-37.9295
-43.4685
-49.9246
-48.6468
-43.2685
-36.2828
-36.9846
-42.2246
-33.1339
-35.1351
-37.8524
-38.1511
-44.6374
-44.6301
-42.69
-41.5009
-31.6326
-33.6183
-39.4821
-46.2394
-47.9355
-50.3607
-47.8299
-40.5585
-42.1311
-42.8155
-38.3673
-39.6374
-43.7635
-44.6012
-49.1973
-47.7227
-42.1369
-45.5299
-44.1193
-51.9789
-52.4442
-45.3188
-37.2408
-39.5624
-40.9098
-42.3698
-38.1066
-31.086
-38.9195
-40.9575
-43.4189
-47.7362
-35.2344
-38.8323
-41.7454
-38.6075
-38.706
-37.1696
-42.037
-36.4095
-44.8109
-53.3808
-51.3396
-46.9773
-43.5204
-42.6469
-40.1028
-43.8665
-43.6284
-46.7784
-46.6832
-44.3903
-38.7417
-37.6024
-43.6078
-40.6272
-37.1511
-45.486
-47.212
-45.1271
-40.5834
-43.8051
-36.8006
-45.56
-49.3749
-49.53
-45.9364
-46.3609
-47.5889
-54.3881
-49.3802
-56.6745
-46.1299
-42.5466
-49.4864
-47.0836
-44.3293
-46.73
-40.5377
-42.9629
-48.7182
-52.2106
-47.8388
-42.7589
-48.4859
-52.1885
-48.1912
-50.8307
-49.9918
-47.777
-38.1556
-50.6625
-43.9129
-52.0469
-45.7276
-52.2628
-51.7222
-47.8199
-48.4092
-48.6815
-46.5281
-46.5983
-42.7782
-28.2264
-36.0172
-37.1462
-37.0174
-35.7426
-43.5506
-45.5945
-46.6147
-47.6405
-49.0906
-42.9661
-41.7738
-36.781
-41.6472
-38.6545
-39.4964
-42.5001
-56.047
-55.2678
-53.778
-49.5173
-52.6896
-49.7313
-43.8199
-48.7118
-44.6754
-42.4489
-44.7156
-41.7293
-41.6717
-41.1669
-41.9006
-41.6929
-49.4527
-48.1105
-45.3376
-42.6912
-47.3247
-45.7296
-44.9498
-51.4392
-50.8281
-63.0845
-55.593
-48.9554
-50.4071
-49.0723
-44.9713
-38.9887
-47.2219
-48.2435
-52.3447
-52.6702
-54.3123
-44.031
-45.5454
-43.1051
-42.4656
-46.9714
-51.2183
-53.7811
-49.1514
-46.5255
-46.4545
-49.5483
-45.8439
-37.7482
-41.4186
-43.8039
-37.2752
-38.4585
-39.5933
-40.5336
-40.5119
-37.644
-38.9019
-45.225
-34.7508
-35.6357
-41.9806
-50.2126
-46.0424
-49.3316
-44.969
-46.5646
-35.7843
-43.1646
-44.4233
-43.2826
-42.8894
-45.3736
-42.6957
-43.9428
-39.228
-37.163
-50.6432
-53.191
-40.7321
-44.1103
-48.646
-39.7926
-44.7611
-41.6516
-44.4538
-42.7557
-38.4281
-39.0512
-38.663
-34.217
-42.0222
-42.3974
-43.0672
-45.0643
-40.6087
-38.9003
-49.6648
-40.7176
-47.0824
-51.5505
-50.9993
-49.7843
-46.1584
-43.3735
-40.3681
-42.3147
-43.369
-43.1929
-38.4744
-38.1165
-42.2008
-47.6095
-48.5807
-36.9096
-39.1818
-32.909
-42.2548
-46.0805
-52.9395
-44.4431
-46.9937
-42.076
-44.0297
-48.3408
-42.9133
-34.2343
-38.474
-38.0133
-39.9959
-49.6617
-56.1284
-46.4909
-41.4949
-43.7575
-45.5188
-38.9698
-47.7121
-52.518
-51.6178
-48.1683
-46.4661
-44.7607
-43.9796
-51.8161
-42.8049
-43.1288
-44.1405
-40.8879
-44.95
-46.3758
-54.442
-48.4354
-41.9184
-47.0473
-45.8346
-46.6601
-38.4313
-37.3941
-33.3799
-45.1998
-48.1987
-47.5842
-46.5107
-41.6269
-40.7821
-48.1114
-46.1498
-42.9084
-51.214
-50.1574
-51.6651
-52.8412
-56.4162
-51.9056
-47.0219
-49.7436
-43.8297
-44.0016
-47.0371
-51.3045
-50.9237
-48.8151
-49.7081
-51.0838
-51.5542
-50.5837
-46.1135
-43.0384
-39.9734
-38.5255
-40.9525
-40.1203
-43.9964
-48.4826
-51.4118
-47.038
-47.6182
-47.9599
-40.4478
-48.7058
-47.9807
-46.275
-48.8959
-40.7503
-46.5957
-52.9795
-49.5961
-51.814
-45.6116
-41.5344
-33.403
-39.231
-40.2785
-47.3964
-46.8441
-47.6353
-42.4399
-38.0431
-39.3763
-37.4438
-40.0405
-39.8483
-34.6033
-40.3571
-42.2638
-44.1771
-39.7917
-38.1836
-34.0722
-46.2311
-40.657
-38.9592
-38.3975
-42.1969
-37.939
-35.3922
-37.897
-44.1448
-44.5817
-44.3449
-41.4496
-44.0634
-43.4149
-46.2535
-49.2855
-44.4243
-47.2663
-43.462
-45.4746
-44.3332
-41.6791
-39.7586
-50.1469
-41.3267
-48.684
-43.7824
-39.9027
-46.1743
-42.2599
-44.4672
-47.3942
-52.7093
-41.5642
-46.1363
-48.1456
-46.5769
-45.1173
-46.1454
-53.0896
-49.7162
-43.5357
-40.6288
-35.0595
-28.9672
-32.4108
-42.3657
-50.3292
-54.5676
-55.3689
-49.4251
-43.717
-40.5878
-35.5092
-42.6377
-43.3879
-42.5953
-44.2494
-49.6458
-47.0504
-42.7861
-41.5465
-42.5519
-51.7886
-54.0221
-43.9396
-40.5356
-34.8779
-35.9742
-37.7409
-38.8506
-44.3746
-37.7483
-42.4223
-43.3412
-39.1861
-36.6644
-39.8856
-41.3615
-40.4436
-46.0645
-47.1108
-54.3348
-46.7733
-49.5006
-43.6209
-50.3923
-47.6994
-50.6132
-60.6625
-55.3512
-52.7341
-45.786
-44.577
-39.7732
-43.291
-43.227
-43.9877
-47.4386
-40.7728
-38.3489
-44.1596
-43.5863
-41.2813
-43.8779
-40.0517
-38.9235
-34.5265
-39.7815
-44.3668
-46.5403
-41.6863
-41.6968
-37.2429
-44.2287
-39.5859
-35.7901
-35.3897
-44.7159
-44.4361
-50.4825
-51.0299
-53.0424
-52.2801
-56.1176
-52.2869
-57.4496
-63.5089
-55.995
-49.6595
-51.0128
-45.14
-45.9394
-48.0244
-46.4213
-42.3765
-43.3948
-43.0414
-48.8243
-55.139
-56.4121
-49.6061
-47.1273
-50.0515
-48.7684
-46.3607
-51.2303
-53.0359
-55.0587
-46.4248
-45.0785
-44.6681
-40.4462
-42.4778
-39.6114
-45.5612
-48.0878
-45.5353
-41.1303
-38.8102
-36.5462
-38.5843
-39.8887
-39.1766
-33.876
-39.8431
-40.9812
-37.8983
-37.8219
-40.9908
-35.4806
-40.8955
-37.3244
-34.7072
-42.054
-40.8922
-44.1611
-41.4851
-39.6503
-42.0985
-38.1791
-45.136
-42.6413
-43.8364
-37.6288
-47.8015
-57.1161
-48.0298
-50.6231
-50.2105
-47.0147
-50.9426
-48.8129
-48.9066
-45.511
-40.7834
-44.866
-46.3719
-47.0833
-47.1307
-46.5862
-43.4127
-55.4451
-48.2913
-41.7837
-45.7607
-50.5961
-48.144
-53.5218
-49.3263
-43.9281
-45.7543
-43.4855
-39.441
-40.966
-35.7869
-32.496
-30.8729
-33.5957
-42.8878
-37.9241
-33.4997
-39.5239
-36.767
-42.76
-41.2289
-40.1118
-48.2859
-50.6444
-53.4218
-45.8087
-44.994
-42.8464
-39.7824
-38.3134
-45.7878
-42.6954
-42.5766
-43.7962
-45.1257
-44.8838
-46.9102
-45.8173
-38.775
-39.3178
-43.5901
-40.8396
-40.5169
-37.6937
-41.2494
-43.4865
-58.6487
-60.8289
-53.0178
-45.2052
-45.1846
-47.9967
-52.8807
-39.6987
-37.1848
-40.6773
-41.9088
-52.2265
-44.2494
-40.1462
-38.3607
-43.5506
-42.1125
-37.1451
-33.2849
-36.605
-42.3642
-40.2955
-45.8577
-47.789
-46.9837
-40.5394
-51.6089
-46.7534
-41.8819
-48.8079
-48.1247
-49.8756
-53.6451
-54.8636
-40.2771
-47.1177
-47.9366
-49.1812
-48.5114
-39.9385
-41.5579
-41.1523
-50.2001
-48.8968
-48.5081
-37.6818
-44.5714
-45.9577
-45.2653
-40.894
-38.4297
-47.1286
-44.8807
-48.589
-37.283
-36.944
-32.8949
-34.1642
-45.3742
-43.2248
-48.3145
-56.1461
-54.6643
-44.3161
-44.6767
-44.2476
-43.5199
-42.6169
-41.5602
-50.4967
-48.2038
-48.1251
-45.2914
-46.3875
-43.3974
-39.8622
-37.8178
-40.1994
-46.0515
-38.9015
-37.0336
-38.1411
-37.4351
-39.6316
-38.9122
-36.2512
-37.9618
-44.6251
-43.7851
-45.0502
-45.8378
-50.1744
-48.2192
-42.0417
-49.7031
-46.3579
-55.7945
-52.1609
-51.7316
-49.2049
-40.069
-42.9642
-37.4466
-46.0039
-46.8125
-48.5656
-46.6936
-47.6057
-37.8669
-40.7511
-39.0533
-42.8102
-40.1546
-43.6682
-43.2317
-35.6024
-34.3555
-41.5253
-33.5875
-49.3728
-50.0279
-48.7042
-55.0727
-50.7488
-44.7909
-45.9202
-45.6401
-45.3461
-43.4596
-46.756
-47.5666
-43.8476
-52.4531
-53.1145
-52.335
-57.6476
-57.2547
-48.8256
-57.3991
-52.7084
-59.2166
-60.2343
-66.2112
-53.6038
-53.9342
-56.5635
-51.1617
-50.4991
-44.0678
-46.4394
-47.8917
-51.5439
-48.4571
-48.6289
-40.9445
-44.0057
-47.1645
-38.1233
-40.123
-42.7012
-44.0613
-40.4026
-38.1057
-43.4448
-47.1174
-51.8282
-42.2788
-44.6267
-44.2254
-41.5644
-37.898
-38.8558
-41.6734
-48.2232
-44.6189
-42.4168
-48.5597
-46.6476
-43.3071
-38.7384
-38.6667
-36.0283
-38.3608
-46.3582
-54.0705
-51.8685
-51.4392
-41.562
-40.1354
-42.9702
-51.081
-58.3584
-50.5589
-40.5482
-40.8768
-45.4441
-52.369
-48.148
-45.7215
-43.0315
-41.2826
-46.769
-46.6984
-46.4352
-43.9839
-42.2998
-47.1982
-45.3983
-39.5988
-45.1591
-42.4917
-42.8516
-43.4789
-47.1983
-45.1748
-45.6909
-38.9287
-41.5091
-38.5541
-40.1613
-40.0491
-34.8351
-33.3277
-43.906
-41.4677
-42.7799
-41.4166
-41.6153
-43.7247
-44.1504
-38.1753
-37.1287
-41.7773
-42.8621
-39.6316
-44.5789
-48.5557
-45.2474
-46.5604
-47.4062
-39.7819
-41.0638
-46.3941
-44.0156
-45.781
-43.8181
-41.9815
-41.801
-43.3183
-41.8556
-34.0549
-33.6404
-41.2096
-46.1548
-42.5922
-40.7856
-39.6982
-40.1019
-44.3731
-38.6808
-43.2755
-46.8554
-51.0842
-44.5889
-45.3656
-41.6179
-39.3379
-41.8567
-47.1334
-48.0485
-47.0525
-54.4766
-61.5893
-52.6573
-45.7456
-44.8693
-48.221
-46.7841
-50.2595
-46.7273
-58.4076
-52.4229
-51.5216
-49.1966
-45.8968
-45.8866
-45.5451
-43.7359
-50.7101
-59.4336
-61.4589
-48.2229
-45.5302
-42.8763
-40.8146
-50.452
-54.6058
-53.9283
-61.2294
-50.971
-53.288
-41.5236
-38.3299
-38.5911
-43.735
-45.5271
-49.1653
-46.8452
-47.7653
-45.0262
-42.721
-38.998
-43.7173
-46.6644
-46.1354
-46.9927
-45.884
-57.5831
-62.5848
-51.5746
-62.791
-61.1523
-69.3953
-64.9876
-52.9575
-56.536
-60.6867
-59.8076
-56.4563
-49.3207
-51.3939
-53.0561
-54.9914
-49.7219
-62.8334
-54.3394
-54.2995
-48.2162
-45.697
-38.2821
-41.2048
-42.8986
-49.3793
-38.6724
-31.2997
-44.5473
-43.7433
-43.1575
-40.8277
-39.7341
-44.6958
-44.4534
-42.3927
-38.0824
-36.6827
-39.7488
-39.999
-45.042
-53.8226
-51.6537
-53.488
-54.7965
-57.3659
-56.5387
-55.166
-44.9619
-49.4736
-52.1908
-48.0291
-43.0538
-34.3231
-35.019
-44.5768
-41.4425
-38.7682
-37.7352
-35.4961
-47.0073
-44.8372
-35.8438
-35.0626
-38.1406
-35.8223
-40.993
-46.2516
-50.1903
-51.2298
-44.4025
-45.6625
-41.5188
-50.8806
-57.1467
-45.571
-48.5773
-43.6617
-45.9749
-42.4838
-42.2363
-47.3485
-45.9742
-43.7144
-40.5834
-44.4949
-42.7278
-42.2998
-44.5007
-43.7182
-40.2575
-37.302
-41.9848
-43.2167
-42.0987
-37.6444
-42.4129
-43.9973
-46.9618
-46.7757
-53.7297
-47.6427
-52.6242
-50.0849
-47.549
-44.8448
-45.8265
-45.8321
-37.6609
-39.761
-42.2495
-42.905
-44.5619
-38.9993
-50.067
-43.7184
-42.3236
-45.8626
-39.1808
-43.2826
-37.3036
-35.597
-38.8038
-33.4464
-37.3992
-33.8533
-36.6168
-28.2138
-39.3203
-44.7292
-46.1297
-46.2244
-57.9115
-49.4309
-49.0611
-44.2792
-41.248
-43.2524
-38.3731
-43.0856
-39.5966
-43.9464
-40.8473
-34.7326
-41.935
-42.1596
-41.0309
-34.1448
-42.5351
-41.1779
-45.5015
-48.8368
-53.4285
-48.2653
-45.6087
-48.7582
-45.6738
-40.5538
-38.9281
-52.5604
-49.3243
-50.873
-48.7305
-50.9384
-47.3263
-48.4058
-49.5599
-41.6136
-40.7921
-44.7004
-41.4392
-49.7167
-42.8769
-41.6726
-36.8169
-42.556
-42.2579
-45.554
-48.2108
-43.684
-43.9698
-41.2032
-41.8367
-36.9604
-44.0043
-46.8875
-47.2425
-46.8039
-50.0461
-43.9871
-49.0254
-49.8703
-45.9446
-51.8051
-44.3048
-46.1533
-40.6738
-40.775
-36.028
-37.9717
-41.6297
-43.443
-39.8202
-40.7601
-43.3438
-44.9543
-43.144
-41.8845
-41.7021
-49.4948
-45.075
-46.1953
-51.9167
-44.4676
-46.6004
-42.1328
-45.4759
-50.0923
-49.2611
-51.7535
-53.6414
-56.5624
-47.5226
-40.603
-50.2773
-45.3068
-46.9717
-48.4047
-49.3536
-43.0502
-42.509
-45.7926
-43.3828
-48.8755
-51.5848
-41.9737
-31.0294
-35.5333
-39.3396
-40.5589
-41.612
-40.5747
-43.5021
-45.8443
-51.6357
-45.9505
-44.8002
-42.0081
-43.9802
-43.0325
-39.491
-40.8777
-41.6072
-41.6738
-41.1918
-42.3357
-39.0246
-43.5039
-45.7543
-44.7421
-43.109
-51.0017
-47.1919
-46.81
-45.6306
-41.706
-45.9626
-44.1935
-43.5533
-36.1324
-34.626
-43.9595
-36.46
-37.7417
-37.2333
-37.3366
-35.0462
-30.0881
-39.8336
-35.5398
-40.4263
-39.9573
-40.3552
-42.5306
-43.3758
-43.4343
-40.361
-44.0468
-39.0012
-45.46
-41.9501
-41.8679
-44.8679
-40.7913
-47.9701
-43.8629
-45.172
-47.5243
-53.141
-56.3962
-57.6261
-57.609
-49.2936
-47.8123
-48.1881
-45.7248
-42.5539
-42.5225
-33.8602
-48.2451
-48.1789
-37.9667
-39.9451
-39.2244
-30.3239
-35.3071
-41.6354
-42.5621
-38.5406
-37.4657
-45.5029
-43.1489
-39.5078
-39.7677
-35.2804
-47.0673
-47.532
-41.6371
-38.9947
-33.6347
-30.5725
-31.5681
-40.2201
-42.1106
-45.959
-45.1511
-52.9761
-52.2617
-52.0269
-47.3212
-55.0024
-55.6574
-52.2212
-52.0558
-53.3282
-56.0326
-53.0326
-47.4401
-44.4239
-47.8839
-45.4716
-45.2689
-46.7221
-42.3454
-37.5824
-47.6843
-47.2836
-41.0585
-50.3788
-49.0419
-48.3194
-46.1589
-50.9702
-45.8407
-43.1981
-43.7571
-43.0983
-39.2617
-44.5965
-43.7768
-37.2255
-40.8073
-35.5559
-40.5771
-40.8171
-41.3845
-41.6086
-37.9923
-42.6467
-41.416
-45.6979
-50.3884
-48.8127
-45.1183
-43.0333
-34.3064
-41.553
-40.9781
-39.3025
-35.138
-44.1928
-42.0012
-43.5345
-48.9162
-47.9685
-39.5554
-45.8576
-43.02
-52.4859
-46.6609
-37.4273
-52.5999
-55.2116
-51.1421
-44.8345
-51.4991
-43.7741
-46.8281
-41.2092
-45.3759
-41.4974
-36.0933
-33.1358
-42.4001
-45.6415
-40.9684
-36.3794
-38.8563
-40.1494
-37.4936
-45.3883
-46.9641
-49.0194
-43.4741
-48.6824
-46.5096
-46.0811
-43.7433
-42.8167
-31.1724
-38.7291
-42.3549
-38.8448
-44.0058
-45.8416
-46.2124
-39.5312
-39.2928
-42.7331
-48.3405
-53.4937
-49.6196
-56.2123
-50.46
-44.7056
-40.0519
-43.8594
-45.682
-47.6781
-45.8505
-44.5284
-45.5903
-40.6877
-38.8707
-41.4569
-39.5268
-40.4717
-39.036
-39.118
-43.7143
-45.0005
-52.5972
-47.8238
-47.0073
-50.9101
-45.5938
-44.7632
-47.8269
-42.184
-40.4799
-42.9189
-45.274
-43.808
-48.9864
-45.9376
-37.0968
-41.2884
-45.1283
-48.4556
-42.4163
-45.8019
-44.6963
-44.1099
-51.6701
-52.604
-41.9315
-43.3369
-49.8667
-45.3136
-46.8551
-53.8666
-46.934
-38.6207
-35.8997
-41.0781
-43.88
-39.8754
-45.917
-43.2002
-39.8294
-38.2963
-48.2357
-50.4351
-46.4185
-42.6876
-37.1255
-35.1418
-33.7395
-38.3514
-37.2543
-34.3766
-34.9304
-37.3106
-46.9262
-53.2171
-37.3235
-46.6754
-49.4137
-43.3392
-41.6939
-38.7789
-46.2858
-39.322
-34.9135
-38.5924
-34.2824
-37.0663
-39.4717
-36.1611
-36.0694
-29.3839
-35.2169
-44.4586
-37.3852
-34.6889
-34.9222
-43.2126
-48.393
-42.5376
-49.9898
-43.3086
-41.3036
-38.3026
-42.7306
-39.4999
-41.9726
-40.5221
-33.8178
-38.1083
-32.7851
-33.7105
-34.7539
-41.3828
-42.4546
-40.92
-35.52
-36.8901
-35.9622
-35.5548
-37.4
-43.3705
-45.4667
-40.5408
-38.1874
-39.4651
-38.313
-36.8943
-33.7569
-36.1929
-41.9086
-46.8127
-42.001
-45.2181
-43.664
-45.7009
-47.8414
-49.9622
-45.7231
-43.2871
-32.7169
-35.3976
-40.6639
-36.9764
-47.4925
-48.7261
-48.6886
-46.4772
-41.5671
-53.611
-56.5684
-51.2321
-46.2702
-44.9665
-49.6526
-42.0697
-36.8031
-40.9754
-45.8336
-41.7612
-39.3083
-48.2345
-50.0376
-41.3347
-39.8531
-43.2938
-43.2122
-43.0434
-40.6567
-43.3571
-46.8713
-46.9153
-56.6537
-53.5204
-47.968
-48.7707
-55.0508
-56.2945
-55.4528
-58.2232
-59.6247
-54.4853
-49.7481
-33.8021
-44.9051
-42.881
-38.3742
-41.3449
-47.9989
-41.7931
-38.2886
-41.6066
-42.9168
-44.5371
-47.9845
-41.4932
-43.1036
-48.5882
-52.4884
-51.2324
-49.2039
-45.2355
-48.5373
-49.9005
-49.9405
-51.1216
-51.1943
-51.7424
-44.34
-45.814
-44.7224
-43.0931
-38.1158
-45.3967
-49.5818
-45.4059
-51.6919
-54.507
-47.7771
-46.4618
-48.035
-50.0657
-53.6679
-47.1447
-45.3758
-46.9992
-39.0464
-38.6922
-40.6933
-43.6952
-42.5967
-46.8918
-44.5505
-50.9005
-45.0666
-46.0956
-42.445
-49.8692
-49.8137
-53.9735
-44.8691
-50.409
-48.2907
-42.8988
-38.0929
-41.4762
-43.5764
-44.9918
-48.83
-51.5706
-51.366
-49.9378
-47.7937
-47.4181
-51.4494
-52.6364
-43.238
-47.9958
-48.0502
-40.7509
-43.5813
-40.8472
-43.5573
-47.2653
-46.7657
-38.1973
-44.8083
-39.7763
-34.5611
-40.0666
-42.0322
-48.9858
-53.4632
-51.1637
-45.386
-46.0638
-50.7042
-48.7151
-50.8778
-53.3011
-46.5766
-48.5318
-46.9096
-43.8652
-43.4324
-47.9812
-42.1343
-45
-49.5009
-55.6087
-57.6934
-56.8522
-50.6058
-41.3375
-35.8063
-42.6696
-36.025
-36.635
-41.7951
-45.3341
-32.4731
-40.4633
-44.415
-43.9078
-43.6807
-46.098
-40.6435
-39.4433
-42.6156
-50.2272
-45.7671
-42.3309
-40.5687
-43.7181
-35.8711
-39.437
-39.8944
-43.4335
-34.1654
-37.3968
-53.1345
-59.5584
-58.0498
-56.7893
-47.9208
-44.0165
-47.0619
-43.495
-43.0453
-47.0309
-49.8034
-43.8909
-41.7052
-44.9732
-47.0085
-43.2545
-48.3702
-54.8434
-52.5395
-47.9575
-39.7562
-42.8655
-39.4398
-44.2975
-54.1937
-45.1233
-41.487
-42.7423
-36.8352
-36.645
-39.0563
-41.3854
-42.7614
-37.8609
-42.3183
-41.9202
-40.2967
-48.7085
-42.3892
-42.8986
-40.4644
-39.2956
-38.5202
-38.9427
-33.8164
-39.6859
-43.4404
-44.7877
-47.3061
-45.3789
-46.0855
-44.4323
-45.7668
-50.6825
-55.596
-56.5247
-54.3178
-54.0377
-56.2012
-53.2566
-43.7647
-36.874
-40.5743
-41.344
-42.9249
-44.4076
-42.9286
-44.9931
-38.2492
-39.703
-39.1053
-44.4875
-45.9156
-44.6201
-44.0422
-44.8579
-39.7177
-41.064
-41.3437
-40.9693
-39.0076
-40.3268
-40.4278
-39.8191
-39.8388
-41.4125
-42.2488
-45.052
-41.727
-44.0622
-57.4685
-42.48
-43.2591
-43.45
-42.3624
-49.3696
-53.7124
-55.0452
-53.0143
-46.0646
-53.1219
-51.5132
-52.4081
-52.9165
-43.884
-47.115
-48.9252
-51.2205
-48.9387
-46.7572
-39.6606
-49.9174
-48.217
-48.3393
-43.3111
-53.7097
-52.4514
-51.0489
-39.0315
-41.6912
-42.4129
-39.811
-33.6858
-36.6294
-39.8255
-43.8568
-43.7103
-42.3231
-38.7711
-35.5719
-38.2166
-39.9924
-43.9762
-40.058
-36.4673
-39.3629
-38.8335
-38.3271
-38.6718
-39.8606
-33.2533
-36.5828
-42.739
-48.0949
-45.1957
-38.0219
-43.0721
-39.0088
-42.3454
-45.9001
-42.4439
-39.5225
-44.6181
-40.7898
-46.5403
-44.6729
-42.4956
-40.2729
-49.4847
-41.0277
-40.1215
-34.945
-42.6642
-40.9279
-41.2348
-39.2736
-38.4875
-32.9542
-38.583
-44.8223
-45.8528
-46.2919
-47.8136
-43.4219
-45.3799
-49.7302
-44.6579
-41.3232
-44.4315
-48.2229
-48.6137
-52.5974
-47.9134
-41.2582
-46.5688
-43.6788
-44.9168
-44.8746
-41.7829
-35.376
-42.7328
-48.7662
-43.1809
-45.1045
-45.324
-45.894
-43.8801
-44.1977
-40.1067
-40.1213
-42.002
-47.8167
-45.1163
-45.5795
-42.4864
-46.41
-42.2276
-50.2428
-51.7367
-48.8839
-49.5482
-54.0976
-54.7791
-50.5319
-52.5655
-46.2943
-46.088
-44.7109
-43.6612
-41.5911
-45.6584
-40.3489
-40.37
-40.7794
-41.2391
-40.7758
-46.9318
-40.0393
-37.9553
-49.4447
-53.0981
-47.3249
-51.0098
-44.5906
-47.1437
-41.6871
-34.3611
-37.0645
-36.3681
-43.5844
-41.2947
-37.5818
-37.7426
-38.8594
-44.381
-44.8424
-44.2826
-42.4014
-40.8937
-41.3473
-48.8031
-45.3868
-42.657
-45.0537
-44.7214
-45.9318
-37.5196
-39.4335
-36.0915
-39.7521
-40.5194
-41.0486
-40.2595
-39.2427
-43.6647
-42.627
-41.3929
-37.009
-39.8309
-42.3006
-46.8337
-44.2122
-46.4879
-51.834
-44.8729
-49.206
-51.4246
-44.9167
-46.3753
-45.3418
-44.8124
-43.4803
-43.1023
-41.9516
-37.8389
-36.616
-40.334
-43.4717
-45.8153
-40.855
-42.3769
-43.4684
-42.1924
-49.5141
-45.3328
-46.0405
-37.725
-41.2206
-52.4425
-47.7191
-43.1813
-48.7374
-38.7022
-39.1377
-41.5435
-47.8555
-48.315
-51.6355
-56.7113
-52.4816
-52.9361
-49.0706
-54.2455
-40.8569
-43.7168
-47.7794
-51.5191
-46.4219
-46.2463
-42.9772
-41.6281
-40.6936
-43.6733
-40.3312
-47.3758
-50.4658
-54.5126
-55.0651
-46.5534
-48.6597
-48.5371
-50.6551
-40.1709
-42.6171
-34.305
-39.5527
-42.3394
-35.6883
-44.0728
-47.706
-40.4287
-43.8917
-37.7308
-43.3737
-41.6832
-41.5689
-38.5762
-35.3153
-43.1843
-42.8762
-46.9924
-46.1612
-34.6914
-39.1442
-41.484
-38.2598
-44.9037
-43.1917
-50.9304
-46.3122
-41.1762
-35.7477
-36.3686
-32.6499
-32.3689
-32.8404
-45.7342
-48.4757
-46.85
-44.8408
-43.8394
-46.4086
-45.4152
-45.59
-46.7539
-49.6726
-52.3027
-54.2564
-47.3044
-37.9547
-38.0382
-46.113
-64.0834
-64.09
-57.9153
-58.6259
-47.9098
-49.6759
-55.1719
-54.7577
-56.5886
-54.5234
-55.4931
-58.5328
-56.6077
-45.7145
-47.4361
-42.2674
-48.9335
-45.639
-42.5664
-40.2267
-38.7487
-41.3345
-43.3332
-43.1066
-54.777
-53.079
-47.6428
-37.9192
-33.6584
-36.271
-43.6182
-51.6717
-46.2394
-44.6477
-46.6708
-41.1364
-37.418
-35.3238
-34.0132
-37.3189
-39.0266
-36.7497
-34.9808
-45.0685
-46.294
-47.3157
-41.3799
-36.5356
-40.0761
-42.2831
-46.2655
-51.7786
-45.9384
-48.7776
-50.3076
-44.2587
-41.6689
-42.4602
-39.2306
-39.5989
-48.1889
-46.2307
-49.0407
-51.821
-52.1741
-49.4508
-44.8748
-43.0708
-54.3802
-43.4223
-48.3786
-45.5472
-41.4996
-45.7302
-47.6862
-43.7274
-47.4594
-43.5844
-41.5577
-38.5353
-37.5104
-42.3712
-34.3985
-35.3922
-39.3399
-38.3882
-35.1511
-42.3901
-41.3688
-38.0683
-39.4243
-41.8968
-43.3067
-40.3431
-43.6355
-41.7241
-39.6127
-43.3336
-45.4035
-51.4086
-50.6698
-41.3788
-39.2155
-41.4894
-46.9248
-43.7436
-41.4073
-51.8095
-48.743
-50.6372
-50.2974
-49.4591
-47.8614
-50.3885
-44.9826
-45.001
-38.0146
-47.0277
-46.3897
-51.0756
-50.2483
-48.2004
-50.2366
-54.9341
-50.5635
-45.7258
-48.4758
-53.7996
-44.2498
-50.5726
-51.3535
-52.1941
-54.4708
-57.6576
-62.3801
-64.2956
-51.1681
-51.7951
-66.9981
-58.889
-53.0979
-51.6732
-50.3779
-43.9905
-49.005
-50.4841
-52.0162
-47.5083
-42.965
-43.3857
-49.3895
-41.101
-40.5029
-37.9059
-43.0631
-32.23
-30.3315
-41.2775
-40.2765
-49.0743
-36.9143
-38.183
-43.2036
-48.6741
-42.0254
-39.9129
-41.0091
-45.5444
-43.6991
-38.5851
-35.2264
-40.1798
-34.4621
-42.3958
-39.1592
-39.13
-42.779
-47.8241
-45.7806
-51.0556
-42.7347
-38.2855
-46.1726
-38.3221
-36.215
-50.8494
-49.82
-46.2995
-49.0119
-49.0551
-41.2639
-41.5955
-41.5499
-40.9739
-42.2858
-41.2022
-43.4853
-39.4661
-37.9066
-38.839
-34.752
-36.799
-39.0761
-38.5241
-47.1845
-43.7685
-43.0123
-41.8425
-42.8742
-42.0302
-41.4852
-35.9927
-39.6727
-41.8934
-36.9931
-35.8042
-42.3966
-48.1677
-45.7093
-41.4186
-43.1941
-37.1013
-41.0375
-36.9243
-35.2705
-37.3572
-41.9599
-43.1081
-44.8896
-40.2597
-42.5086
-43.1781
-48.8958
-43.5708
-48.3907
-49.1079
-52.8535
-52.1787
-51.4094
-48.0675
-45.0517
-40.1091
-42.9651
-42.8151
-41.851
-42.6008
-43.7006
-35.2186
-33.7761
-34.5148
-34.5714
-42.0265
-48.6403
-39.3434
-43.8091
-46.7027
-45.4516
-49.203
-45.5147
-45.6946
-49.6849
-51.3118
-49.9168
-39.1946
-49.2046
-36.5524
-44.7598
-41.7881
-43.6852
-41.5759
-38.53
-36.9166
-38.0196
-34.3234
-32.2914
-36.967
-43.3894
-46.439
-52.218
-47.3275
-40.7008
-42.6143
-44.2435
-39.2453
-45.274
-42.1832
-45.8033
-46.4394
-46.1136
-45.5837
-46.8847
-42.5763
-44.8199
-48.2149
-46.7432
-47.8403
-45.4357
-43.1421
-39.9964
-39.0214
-34.4423
-31.1101
-37.9327
-37.5759
-35.8733
-37.7865
-35.5179
-44.0452
-42.4449
-44.8841
-49.3032
-48.0043
-44.7436
-47.0763
-45.6881
-43.4506
-39.9957
-46.1642
-44.7444
-43.3193
-39.857
-41.9444
-47.3308
-38.3626
-41.983
-44.2342
-47.6556
-47.0706
-45.779
-42.2791
-47.364
-45.3714
-46.1301
-43.3462
-40.2471
-38.0386
-40.2351
-40.1365
-51.1369
-47.339
-50.2222
-51.094
-49.3604
-47.4759
-49.888
-39.9204
-38.6131
-51.3568
-53.8644
-43.3221
-48.36
-51.0343
-46.6329
-50.1311
-48.2369
-47.8405
-51.2122
-56.7574
-51.1742
-58.654
-45.5049
-40.6397
-43.6696
-47.9754
-46.8045
-47.1751
-48.5695
-43.7876
-43.6056
-52.0197
-46.9646
-45.5592
-42.9106
-39.8253
-38.1033
-41.3994
-47.4348
-51.2426
-41.4098
-45.9471
-53.7214
-56.4195
-54.1511
-50.1541
-52.8737
-50.3348
-54.8769
-45.8734
-39.3041
-41.2355
-42.441
-41.1784
-39.564
-45.2683
-39.446
-42.0752
-40.5972
-43.472
-52.4869
-48.2518
-51.2204
-51.5917
-51.9689
-47.5099
-43.7219
-41.4337
-47.8586
-37.4902
-40.0603
-45.038
-47.184
-48.1945
-52.723
-50.822
-50.6615
-53.5783
-46.306
-50.408
-45.7456
-46.5565
-42.1513
-46.8823
-45.7757
-39.6933
-47.0558
-48.6869
-52.7822
-46.636
-52.0957
-41.4642
-39.7758
-46.8075
-45.2919
-45.929
-48.1344
-41.3038
-50.6865
-48.8208
-49.1246
-53.3247
-55.5874
-52.526
-55.6743
-48.9012
-48.1559
-44.0027
-50.845
-37.7223
-35.6405
-37.2623
-38.4884
-38.1299
-35.0866
-37.6579
-44.6468
-41.5227
-43.3664
-40.4265
-45.5146
-48.3653
-46.4912
-48.2354
-44.0447
-47.7775
-46.4916
-46.259
-39.5428
-39.1265
-42.9815
-45.6235
-42.2065
-35.0672
-45.6969
-41.2521
-40.2837
-50.5775
-40.3632
-46.2999
-45.8529
-51.5856
-49.4462
-54.2274
-51.4148
-45.0833
-44.8823
-44.1154
-47.5223
-41.6335
-41.285
-46.4367
-46.1907
-51.8351
-52.6815
-52.9585
-48.5823
-49.3968
-46.0171
-43.9966
-42.0632
-41.5375
-42.0518
-34.596
-36.7459
-34.8011
-38.1777
-36.3522
-38.9991
-40.114
-48.5399
-34.5297
-36.6231
-33.6622
-40.028
-41.0516
-42.7551
-37.7182
-41.2669
-39.2438
-43.4984
-48.2458
-39.3522
-38.3698
-36.6105
-38.3989
-42.8214
-42.254
-37.3347
-40.71
-45.309
-40.706
-40.1673
-38.7326
-45.9686
-44.4983
-45.4782
-42.5968
-40.3386
-36.9584
-38.15
-36.9488
-44.6342
-39.7188
-39.2543
-36.2473
-38.1731
-46.5263
-50.7563
-46.7366
-41.4432
-40.7633
-37.3745
-37.4001
-40.8221
-45.9185
-38.6714
-40.5683
-34.1193
-32.2812
-43.6826
-40.8918
-38.0635
-39.1674
-35.8223
-33.0374
-36.6125
-46.989
-43.4858
-42.7794
-45.0893
-43.1144
-41.6461
-38.0272
-49.5562
-52.6429
-47.637
-41.2309
-44.2965
-48.6063
-45.3081
-48.0609
-47.3021
-49.6615
-43.2425
-42.284
-45.1615
-49.5885
-50.578
-46.3314
-45.6513
-44.7671
-51.0262
-50.2963
-49.9076
-49.6246
-46.4179
-44.448
-49.8599
-48.2084
-49.5512
-51.8989
-47.8053
-50.1061
-50.8019
-54.3415
-48.9173
-49.9848
-37.0868
-43.3152
-39.7384
-42.2329
-43.3984
-45.1973
-50.3838
-51.565
-57.7055
-60.4641
-55.7756
-52.9088
-48.3987
-58.7318
-48.2502
-51.7011
-54.8562
-47.5968
-48.2133
-55.3777
-46.1048
-46.9033
-49.1981
-40.9829
-45.7885
-42.9431
-39.9046
-34.4686
-39.1223
-44.7782
-47.1692
-45.8351
-36.583
-40.0301
-46.0218
-41.2246
-46.4911
-47.3347
-39.4897
-55.054
-58.8161
-50.0486
-44.0376
-43.1453
-34.7893
-41.4164
-39.6055
-42.2877
-42.5349
-46.3237
-40.959
-40.8126
-39.787
-34.8156
-33.964
-32.7687
-33.1406
-40.8597
-44.4064
-44.6278
-53.2794
-52.115
-45.41
-47.5822
-42.8481
-33.8068
-38.9237
-48.5828
-48.2583
-34.4811
-42.0603
-40.6139
-44.6656
-48.9345
-44.5516
-42.4014
-42.3533
-41.2918
-39.3519
-45.5418
-39.1758
-39.2761
-38.5209
-34.1189
-32.6303
-38.2404
-37.7108
-38.7903
-38.979
-40.7128
-37.7112
-43.5505
-46.6134
-44.7135
-48.372
-48.7841
-57.5152
-46.4438
-43.2448
-44.0594
-50.5826
-52.5775
-50.783
-44.4244
-46.2956
-48.2519
-50.342
-48.3279
-51.144
-55.6033
-51.7447
-44.6852
-44.9291
-48.3726
-52.3753
-50.3968
-51.202
-55.6352
-54.4077
-54.1432
-57.8816
-67.0096
-49.6337
-46.9067
-50.3013
-56.8201
-49.6022
-44.5639
-43.9105
-43.8869
-47.8191
-45.3088
-48.1214
-45.9315
-55.6617
-44.8347
-44.9115
-46.3124
-44.8355
-42.5735
-44.4876
-44.259
-43.4003
-47.6634
-43.9283
-47.2552
-43.374
-45.8955
-42.5665
-38.4014
-40.2656
-40.8739
-41.4278
-36.4403
-39.723
-40.0271
-49.408
-48.1899
-52.1248
-50.7349
-50.1551
-43.8828
-43.8267
-41.4307
-36.9652
-41.7463
-36.98
-39.8115
-45.3122
-45.1489
-40.6192
-41.7355
-47.3104
-48.7582
-46.9456
-37.0366
-39.9724
-44.8536
-41.5469
-45.6395
-49.3338
-47.4685
-40.9046
-40.7272
-46.7493
-46.3959
-48.3202
-44.4979
-42.8532
-42.1649
-40.2249
-45.8441
-39.4145
-41.8502
-35.5035
-40.4454
-32.3667
-27.9899
-29.0108
-41.1259
-42.056
-39.3845
-39.4183
-32.9601
-42.2073
-45.5424
-47.7642
-41.9695
-42.2685
-42.9944
-39.4774
-42.6603
-36.5348
-32.5725
-41.2805
-47.7197
-42.9602
-43.1009
-42.1136
-36.0927
-38.3689
-37.0059
-42.014
-44.9692
-47.6316
-53.798
-46.8547
-42.2435
-35.9515
-38.395
-45.0586
-39.7782
-39.3044
-31.982
-42.1972
-51.8429
-57.2831
-55.9892
-50.6802
-57.2342
-60.957
-58.2593
-49.0588
-55.6213
-55.6641
-51.6034
-50.1027
-53.8249
-47.292
-55.612
-49.4021
-42.3775
-46.8191
-43.0135
-39.8272
-38.226
-44.2824
-41.6251
-43.5047
-44.5078
-43.9689
-39.5174
-42.8868
-46.7834
-43.6616
-39.436
-39.324
-34.8516
-42.7497
-42.4059
-43.0581
-50.353
-49.8614
-46.2993
-40.3071
-37.1544
-35.0393
-41.2201
-42.2799
-42.6302
-46.0572
-48.9489
-53.0382
-46.5942
-47.8654
-38.9838
-39.0424
-38.3916
-37.6146
-44.5511
-45.5681
-48.2307
-50.629
-42.3703
-47.2877
-41.4683
-43.9263
-38.2389
-34.5657
-32.7735
-40.4377
-44.9251
-46.702
-37.2552
-42.9923
-43.6875
-49.4548
-47.3218
-52.6957
-54.6838
-47.4657
-45.3741
-43.5451
-45.318
-47.1077
-53.7185
-50.5901
-46.2606
-47.0124
-40.1465
-43.0361
-41.1105
-42.5574
-42.6105
-44.7505
-41.7336
-34.3445
-38.8628
-42.1329
-36.9823
-38.5465
-46.8658
-47.3144
-41.8185
-42.2386
-41.4295
-36.9779
-38.8701
-41.1185
-33.5668
-36.7406
-34.4186
-38.4631
-39.9316
-43.3661
-40.525
-40.0148
-42.1075
-40.0811
-42.3665
-38.7185
-39.1448
-42.7021
-48.1205
-41.3515
-38.7859
-42.3366
-38.3276
-45.0021
-44.25
-42.6475
-42.7604
-39.2615
-42.4916
-39.6918
-46.1454
-47.799
-47.0327
-47.4259
-46.3639
-49.8172
-40.8846
-41.0716
-44.9884
-43.6037
-38.6226
-45.3807
-38.698
-50.4121
-45.2801
-49.3894
-41.1766
-39.6665
-42.1996
-35.8631
-38.7677
-39.8287
-32.9846
-40.008
-40.6296
-40.7216
-37.8379
-34.9895
-28.6831
-34.3711
-38.4899
-43.5137
-40.6785
-38.9413
-30.6247
-35.5982
-51.453
-46.2178
-47.7598
-52.2713
-43.8541
-43.4109
-51.8123
-53.2658
-47.5862
-50.5132
-49.5431
-57.2405
-50.6659
-43.7433
-49.6193
-47.823
-43.8681
-44.6524
-40.9089
-46.4872
-47.8708
-47.3076
-48.0924
-52.5061
-45.0196
-40.4888
-38.7417
-45.7942
-53.943
-55.9326
-57.416
-57.6501
-52.4011
-53.4603
-45.1372
-53.4912
-46.7737
-49.1928
-44.4129
-43.8846
-43.4667
-44.3361
-42.8133
-43.2969
-40.6709
-37.3236
-39.0687
-38.4224
-41.4951
-42.923
-46.9435
-48.6003
-51.7435
-43.3676
-46.6712
-42.8407
-50.3768
-45.5052
-40.4585
-41.5268
-39.6758
-46.5391
-49.6177
-47.9207
-51.9077
-52.0393
-41.2989
-43.1926
-42.4684
-38.3023
-39.8717
-39.2964
-37.857
-34.9284
-41.4536
-48.5642
-45.1665
-45.9812
-44.7174
-41.7826
-39.2448
-37.6045
-37.5915
-36.6753
-40.3781
-39.7372
-37.0876
-29.2345
-30.2023
-35.1658
-35.2404
-39.8423
-47.5678
-45.8214
-54.4873
-46.9156
-43.648
-51.5935
-49.8493
-59.2661
-56.5551
-55.9658
-51.3459
-50.7469
-46.1256
-40.8417
-48.4863
-37.3463
-42.1083
-40.5058
-39.375
-36.0087
-36.3613
-35.3808
-36.0511
-39.8183
-44.1608
-45.9434
-42.0794
-43.2723
-43.5442
-40.0586
-40.3703
-43.2817
-40.4329
-39.807
-39.4826
-40.4818
-41.6789
-40.6928
-33.5739
-43.3497
-42.5885
-38.1288
-39.2256
-42.0975
-42.0619
-49.0706
-48.2359
-46.5582
-45.6874
-43.3685
-39.3366
-45.9777
-45.2085
-42.6219
-45.143
-42.8827
-45.0064
-45.8579
-49.6351
-43.1582
-36.5742
-45.8299
-51.6477
-52.5819
-53.2897
-53.1997
-54.2404
-57.909
-54.6947
-51.9354
-46.8183
-50.7155
-50.3477
-45.3388
-45.7593
-46.6242
-42.9884
-40.9029
-39.5626
-36.5712
-39.5597
-36.7573
-42.3432
-41.7822
-44.2091
-42.9551
-40.5699
-40.9997
-37.2562
-40.8481
-40.7276
-42.7412
-45.9472
-45.5298
-45.059
-45.4266
-43.0256
-44.0329
-51.8995
-51.311
-41.3673
-45.7808
-41.067
-41.0875
-45.329
-46.3368
-45.4663
-47.0084
-45.1447
-38.9005
-32.8482
-39.3784
-37.5597
-42.5129
-46.4192
-52.2984
-46.2711
-38.7736
-42.4613
-38.4733
-31.3921
-35.2525
-41.1215
-45.6214
-43.1172
-48.2709
-41.077
-39.3072
-39.1312
-38.9109
-43.782
-45.2714
-45.1277
-45.8235
-41.5558
-39.7001
-51.3884
-45.3314
-45.2297
-42.6278
-44.8468
-41.9478
-47.1361
-44.5098
-42.259
-39.7114
-37.9516
-41.175
-37.4604
-42.477
-42.1138
-37.7956
-41.0039
-49.6444
-39.5346
-40.9716
-41.4377
-41.6072
-47.4188
-47.0686
-44.843
-42.3457
-42.8952
-43.3445
-44.9851
-49.0215
-41.5469
-38.9444
-44.2587
-41.227
-47.3751
-46.3692
-46.3129
-43.614
-46.6486
-41.4016
-44.8077
-47.4739
-43.9625
-42.3358
-39.5862
-40.2689
-44.5557
-42.3632
-43.5389
-55.8827
-52.663
-54.4782
-50.2904
-46.1799
-45.607
-40.1621
-41.2739
-45.7857
-52.9538
-50.2037
-46.5898
-51.2705
-44.4748
-45.4845
-44.8669
-48.3105
-45.1727
-44.126
-47.0213
-40.6221
-49.3576
-44.4231
-49.4278
-53.3395
-45.3846
-42.1091
-44.1638
-48.9138
-42.4265
-41.7183
-44.331
-42.7021
-52.5531
-46.1909
-52.0455
-43.5608
-39.8458
-42.5922
-42.5597
-40.6171
-45.6989
-48.2624
-46.9752
-40.715
-43.6662
-42.6222
-48.1634
-44.6287
-43.1417
-35.1342
-48.9441
-46.2644
-43.5622
-47.2778
-52.0623
-51.4895
-41.7655
-47.309
-44.0427
-37.5037
-42.3468
-46.4597
-49.82
-49.7467
-51.5034
-54.7931
-48.3207
-45.1185
-47.4671
-35.8169
-41.1276
-43.2916
-42.6287
-43.4993
-41.1059
-43.302
-37.6313
-33.2318
-30.9795
-32.5799
-36.1888
-38.7664
-47.0821
-55.2033
-56.3228
-52.7806
-54.4644
-56.4019
-50.4182
-49.3809
-46.7757
-47.2527
-47.4672
-47.2709
-51.6169
-46.5849
-52.3508
-51.6628
-56.1346
-54.8488
-49.7797
-48.2427
-45.8225
-48.3373
-47.3957
-45.9328
-47.8028
-49.1619
-45.8303
-49.5174
-51.6454
-53.2414
-55.5361
-52.3467
-43.2745
-42.2867
-42.1947
-50.6313
-51.2733
-58.3684
-52.0288
-58.6565
-49.9003
-46.3099
-47.6834
-48.1104
-44.2042
-48.0649
-46.9059
-43.0187
-44.7362
-40.845
-48.3023
-43.9068
-38.8096
-41.4142
-33.601
-37.9674
-39.3167
-43.1476
-49.2815
-46.6662
-47.0235
-41.3751
-40.8809
-52.2603
-53.312
-48.2008
-42.4164
-48.113
-46.214
-40.8829
-44.9488
-48.5337
-37.6321
-43.7547
-45.7675
-44.1237
-37.7559
-38.7311
-46.4311
-42.0379
-49.6884
-45.72
-47.8006
-43.3779
-43.8895
-42.401
-46.513
-49.7019
-45.0962
-37.4895
-43.9756
-51.4407
-50.388
-48.4122
-54.0752
-51.73
-41.3122
-45.4782
-41.3156
-36.9921
-37.3608
-47.0841
-49.5352
-49.8746
-49.6139
-41.0985
-49.1041
-41.548
-50.0559
-58.0278
-56.6694
-52.2736
-46.5706
-42.86
-42.291
-39.6633
-38.359
-36.0056
-37.3753
-40.4176
-41.4789
-37.3188
-34.9459
-38.195
-40.3983
-40.6631
-36.1701
-31.134
-35.8281
-36.442
-42.6607
-40.0232
-38.5089
-42.9329
-48.0747
-46.4389
-45.7406
-50.5999
-57.9772
-56.966
-56.6312
-49.9447
-41.0763
-43.1687
-49.5659
-47.3237
-57.9038
-53.4728
-50.5879
-50.4706
-48.4994
-38.1261
-39.0593
-45.6563
-49.0427
-47.9659
-49.0036
-45.3198
-44.3101
-46.7087
-50.5204
-41.7573
-45.6292
-46.1433
-40.6489
-39.1743
-36.7493
-35.4203
-38.9329
-42.6723
-41.3338
-39.1245
-33.7308
-29.1629
-38.8102
-34.2574
-33.0174
-38.9635
-39.3333
-38.62
-42.9957
-39.2114
-32.2572
-31.6547
-36.1589
-46.3307
-46.2024
-40.5445
-38.8627
-42.5148
-35.5253
-43.1248
-37.1373
-39.0803
-43.8715
-34.6879
-38.9264
-42.2762
-43.9666
-44.3336
-40.4946
-39.7281
-45.098
-43.3391
-41.9383
-41.7446
-48.8908
-48.0746
-47.6515
-44.1998
-46.9955
-40.5957
-55.3307
-56.2702
-47.9585
-47.0948
-51.048
-53.7318
-49.7069
-49.5514
-36.5825
-39.8381
-39.7934
-41.1249
-48.1277
-43.4655
-47.0497
-49.5413
-32.466
-41.0193
-48.6493
-50.0401
-52.3933
-49.5944
-54.9489
-52.1835
-50.693
-50.8718
-52.6858
-60.947
-61.7732
-56.3802
-53.9863
-49.6342
-51.8481
-46.6022
-49.2462
-44.5037
-42.7827
-45.0403
-39.067
-45.5037
-53.8055
-42.2726
-37.0388
-47.481
-44.743
-52.0209
-54.234
-48.3484
-50.7635
-48.2088
-46.6172
-49.8464
-52.38
-42.7511
-43.7307
-41.0936
-41.4952
-35.0989
-39.9356
-44.3404
-39.6153
-38.917
-45.7365
-42.5695
-45.4278
-49.7011
-47.8519
-50.4625
-45.0841
-46.3707
-46.5753
-45.2717
-49.7196
-56.2047
-56.2407
-54.9296
-57.8992
-53.6391
-50.6106
-44.7345
-42.5713
-44.7472
-42.1001
-47.214
-47.2058
-39.3867
-44.6233
-41.306
-41.7669
-42.9685
-34.1765
-44.503
-44.9994
-42.7669
-38.5583
-37.4456
-35.7087
-32.3106
-37.6428
-48.0518
-49.054
-47.4652
-41.9125
-42.5991
-37.3241
-28.6576
-34.7754
-34.8081
-43.8429
-38.9666
-45.3434
-45.7406
-46.4856
-38.582
-44.6298
-40.3964
-43.6776
-40.0331
-42.0361
-45.8778
-46.33
-38.9706
-36.5136
-37.7477
-39.8049
-42.9499
-51.6378
-53.1607
-49.1158
-52.0304
-47.5198
-44.5255
-47.8804
-47.8346
-46.1624
-54.0727
-50.4753
-53.0017
-50.7052
-47.4817
-51.7845
-51.0253
-46.3448
-45.9389
-46.8633
-43.2189
-46.0321
-45.2004
-48.0251
-46.4273
-39.6324
-37.3535
-44.0076
-48.8704
-49.7618
-46.4873
-55.306
-50.2231
-45.0436
-41.7163
-46.7374
-47.6763
-39.1904
-47.2695
-47.1338
-40.9801
-44.1193
-38.0483
-42.4997
-46.0243
-49.2874
-50.1359
-46.0869
-53.2481
-56.1933
-48.0356
-50.7907
-40.9527
-43.4783
-50.8924
-44.9454
-43.9498
-36.6621
-37.7495
-41.369
-39.1957
-40.2795
-38.9902
-51.4309
-50.3848
-45.624
-45.7191
-41.0353
-48.2668
-51.7065
-43.7656
-47.5654
-45.072
-42.3331
-48.4862
-48.7315
-53.0298
-44.6027
-46.903
-48.2698
-42.1827
-39.1801
-38.6738
-48.8063
-40.2294
-38.103
-46.0941
-52.9496
-50.908
-45.9571
-49.6949
-52.7675
-45.8834
-48.6211
-46.0165
-46.6001
-43.3806
-34.5404
-28.1463
-28.9503
-36.6986
-43.8274
-50.768
-53.7311
-48.8561
-49.4889
-43.6163
-39.7819
-40.1426
-44.7193
-37.7467
-38.77
-32.9472
-35.0329
-40.8985
-38.4202
-39.0013
-41.2432
-42.697
-50.4015
-48.0516
-44.0362
-50.0806
-51.8962
-48.6001
-48.5675
-50.1245
-51.0947
-46.7811
-48.9542
-44.8475
-40.8691
-45.7604
-45.5486
-46.3424
-42.6582
-44.954
-49.0899
-55.945
-44.191
-45.1655
-48.6324
-45.2119
-39.5564
-40.9833
-45.8353
-42.3276
-42.762
-43.8939
-48.5999
-47.5165
-42.899
-45.3804
-46.3928
-36.9958
-39.4825
-40.0592
-39.0981
-37.0307
-44.3898
-31.7714
-43.255
-38.5792
-38.6789
-38.9324
-41.4767
-45.1098
-44.381
-36.1911
-35.4581
-39.7754
-38.6903
-37.7452
-38.134
-42.5253
-43.0557
-49.5008
-45.788
-49.8395
-40.9705
-42.5062
-47.4084
-47.4597
-39.4401
-39.4362
-44.2622
-37.3587
-36.9788
-40.0878
-42.5479
-51.3654
-47.4052
-38.1964
-40.256
-42.7791
-47.0795
-50.5743
-49.4338
-44.4201
-42.0449
-36.3712
-37.0248
-37.7583
-44.4722
-42.1417
-40.663
-37.6409
-41.5691
-40.9346
-48.3783
-48.3984
-52.1186
-45.967
-50.6592
-45.7757
-46.4908
-48.5688
-48.1474
-44.1105
-48.5732
-48.1069
-45.0742
-44.0883
-38.6812
-31.8614
-32.4682
-36.7489
-41.7166
-38.2115
-39.5596
-39.1032
-46.3977
-45.1691
-43.245
-40.8791
-45.8945
-44.2445
-48.5791
-48.3051
-42.6548
-48.6379
-48.7041
-52.3225
-42.0787
-43.0291
-35.5701
-45.8356
-44.8958
-41.5553
-44.4977
-42.0778
-37.2426
-37.3065
-36.3426
-42.6523
-43.8973
-43.1767
-39.8213
-39.2575
-46.9557
-39.089
-41.8397
-41.7312
-42.3263
-38.785
-39.7902
-36.5481
-38.288
-41.2686
-47.1609
-48.1292
-48.9811
-49.3876
-46.6575
-48.7403
-42.1947
-38.668
-43.3326
-37.8163
-43.0971
-47.432
-44.4155
-43.2011
-47.4176
-45.6082
-45.9094
-38.7987
-31.4041
-42.7103
-44.2089
-52.4421
-49.4608
-38.4074
-45.8574
-46.4282
-43.803
-42.665
-40.8049
-43.1901
-40.0599
-43.8862
-43.6117
-35.4052
-38.3794
-34.3338
-36.7602
-34.5731
-41.6166
-38.2028
-45.9747
-42.699
-43.1419
-43.6287
-38.6446
-38.7978
-37.1078
-43.2115
-41.5703
-42.4715
-40.7415
-44.0631
-48.1602
-48.6234
-37.7517
-38.7206
-38.7017
-39.6761
-43.97
-39.1338
-37.4279
-43.2969
-46.1014
-46.9792
-44.2178
-42.2549
-44.6729
-45.9384
-48.1024
-48.8444
-53.6456
-56.1437
-51.6423
-53.4891
-51.0822
-59.5029
-53.5169
-49.9194
-49.9859
-47.4233
-49.952
-45.6632
-44.9445
-47.9518
-47.4401
-44.342
-38.344
-42.5292
-44.0708
-41.188
-36.6604
-39.8499
-37.5428
-39.9034
-42.5597
-35.3617
-43.8566
-43.9329
-50.9661
-43.4485
-44.6398
-44.1153
-45.0862
-38.5962
-38.1848
-44.1124
-40.1017
-41.6738
-41.9197
-38.0387
-40.001
-35.6678
-36.3758
-37.7598
-39.4928
-30.7884
-40.7951
-40.292
-41.1919
-42.031
-51.1829
-54.4939
-48.3499
-38.3547
-38.2995
-38.5705
-36.3371
-38.9077
-42.5927
-44.3104
-47.4005
-42.8311
-44.0445
-39.5994
-47.9801
-42.8757
-49.8895
-43.2501
-36.7781
-35.1954
-36.9417
-35.8535
-35.6036
-38.7124
-34.9198
-38.6198
-44.1939
-43.9017
-45.7218
-45.9484
-39.6041
-31.5941
-40.4558
-43.8372
-43.7059
-39.1334
-45.1808
-50.0354
-55.2564
-49.6552
-48.9823
-43.8848
-38.5191
-43.7945
-46.0241
-56.2872
-58.7649
-56.9736
-50.1698
-49.3465
-42.7908
-53.1005
-43.9444
-45.8375
-46.2262
-39.922
-38.7425
-35.0689
-41.7077
-37.3731
-39.1875
-40.282
-46.375
-48.7229
-45.1529
-42.0444
-42.0794
-46.1144
-52.6555
-43.684
-46.214
-45.658
-43.2994
-42.5338
-41.5565
-48.8051
-43.7394
-45.5164
-46.3369
-44.364
-44.3086
-43.6476
-46.1765
-42.4933
-51.2378
-51.9002
-48.402
-45.8841
-50.0805
-50.757
-50.0569
-44.1254
-51.7242
-38.7715
-44.9964
-43.389
-42.8809
-51.6059
-39.0383
-44.3688
-38.3778
-39.5986
-41.345
-41.634
-43.1947
-41.5279
-38.6356
-38.5259
-36.9985
-45.7402
-39.3672
-35.5632
-41.7041
-45.1067
-50.195
-36.7606
-39.345
-40.2624
-46.9914
-55.9319
-51.9023
-48.932
-44.3726
-44.4456
-54.1116
-51.8956
-50.7297
-45.8908
-51.1966
-47.8249
-52.5861
-51.9516
-49.9749
-41.9103
-42.9157
-47.2753
-48.3128
-50.7292
-46.917
-45.3822
-47.1056
-42.5149
-45.7558
-35.872
-34.486
-42.0866
-37.8648
-40.2875
-36.3854
-34.8361
-35.1711
-43.7769
-50.456
-51.717
-43.2925
-48.3372
-40.2989
-42.8487
-46.655
-36.6814
-37.8736
-36.9415
-44.8357
-44.7112
-46.5405
-40.8856
-44.2752
-42.6505
-48.9294
-46.4043
-46.3147
-48.378
-43.2254
-43.769
-45.2974
-39.9067
-40.0074
-40.1117
-45.3159
-50.8882
-60.5616
-62.7483
-53.8168
-51.5191
-61.1765
-52.9569
-50.1165
-52.2659
-45.5678
-48.2727
-44.3375
-38.3021
-35.9336
-34.2255
-39.3335
-42.6386
-43.5474
-36.5129
-39.816
-36.0703
-31.5131
-36.6224
-39.9145
-51.7883
-44.5327
-49.8253
-42.7189
-44.8021
-42.7323
-48.7087
-46.1715
-48.8648
-53.0362
-47.8417
-50.5801
-44.21
-49.5979
-56.176
-46.5598
-38.5805
-41.1276
-48.962
-41.7242
-39.4403
-41.5649
-45.6591
-50.5057
-45.9259
-41.6268
-43.543
-52.0091
-41.9543
-37.9316
-40.71
-44.5386
-52.5273
-48.8333
-46.6626
-43.6931
-47.3021
-44.0841
-40.2858
-47.0844
-45.9582
-42.8406
-48.8143
-49.3914
-43.8932
-42.7245
-41.7656
-51.021
-47.1688
-46.5739
-49.7508
-39.7958
-49.7678
-47.7935
-51.0516
-49.1811
-52.3199
-62.1901
-54.6211
-47.2333
-48.4586
-44.4392
-44.8523
-50.3505
-49.2883
-54.0458
-45.318
-49.0194
-50.5761
-50.3013
-52.1807
-53.8729
-40.5655
-30.4203
-31.934
-31.6969
-37.9119
-39.3892
-37.8979
-31.5073
-36.9137
-40.5557
-35.9504
-35.6221
-36.0113
-49.3782
-52.5114
-47.712
-53.3139
-52.6266
-45.8615
-36.3155
-44.0499
-41.5266
-37.5196
-39.6621
-41.6401
-45.6473
-42.8256
-43.0503
-36.939
-52.1042
-42.7941
-42.7075
-35.6627
-43.7811
-35.1806
-38.2483
-39.5454
-45.5334
-39.2754
-39.6111
-39.5646
-37.8246
-44.0961
-42.0003
-35.0453
-38.3692
-37.5618
-39.6919
-50.1951
-52.748
-51.0969
-52.9142
-55.279
-55.947
-60.0791
-54.8033
-55.1051
-56.9399
-60.3375
-60.3894
-52.0012
-38.1021
-42.3533
-48.7659
-46.3709
-42.4067
-42.7102
-45.8563
-40.4348
-45.2789
-37.8769
-43.2736
-42.5874
-44.1495
-37.684
-39.6507
-55.5311
-50.4765
-50.5641
-49.1631
-43.4536
-44.7785
-45.7697
-49.6561
-42.3899
-50.8721
-51.6374
-37.2173
-29.3927
-36.7994
-42.2568
-40.8077
-40.4872
-37.1803
-42.5064
-46.0294
-47.052
-45.3037
-46.2739
-46.9801
-40.1521
-40.2403
-42.8884
-47.9037
-44.4503
-48.7423
-47.415
-60.9756
-58.3745
-58.078
-50.8063
-45.4801
-49.2877
-44.7945
-46.9661
-49.4767
-48.8882
-48.9356
-45.691
-50.1359
-47.1515
-52.3083
-46.3056
-52.983
-55.9413
-48.4868
-44.9674
-47.4578
-49.9534
-50.535
-46.8771
-45.6667
-41.5248
-44.6688
-54.2153
-52.7414
-52.1453
-46.9279
-45.1553
-51.3331
-47.0271
-53.1842
-47.1543
-39.1903
-51.9189
-56.9086
-54.8831
-57.3064
-48.1709
-49.5714
-47.8842
-45.6865
-45.34
-46.7226
-47.1291
-41.2299
-40.6476
-43.5991
-44.7626
-50.7913
-48.6589
-49.9864
-46.4183
-47.0132
-47.5858
-57.0453
-45.9532
-49.2866
-53.3241
-50.755
-45.4168
-41.6872
-41.846
-37.3038
-41.4154
-41.4653
-43.1643
-45.5018
-42.6433
-37.8205
-43.2024
-40.6064
-40.3753
-45.0297
-54.4395
-42.4036
-49.992
-50.3101
-49.2197
-52.7906
-46.5054
-49.1845
-55.236
-59.2139
-58.218
-50.0212
-57.1313
-56.1792
-48.3182
-54.968
-56.4487
-47.8306
-42.1353
-47.5214
-49.3067
-45.6323
-47.4802
-47.5254
-44.8878
-45.1451
-53.9342
-61.8743
-43.2306
-46.4812
-39.79
-47.2184
-40.9296
-47.0417
-40.9451
-36.2278
-41.6757
-41.7192
-44.7783
-41.3849
-36.2061
-37.0906
-43.3487
-43.6029
-45.8212
-44.7718
-42.9543
-43.6707
-42.0142
-41.4876
-37.8683
-46.6488
-40.3682
-41.7428
-36.0248
-38.6144
-38.5359
-38.1953
-41.1789
-42.9946
-48.041
-46.7983
-44.3282
-51.5007
-50.4511
-46.4929
-42.4582
-47.2808
-46.5905
-45.1533
-43.4184
-38.3749
-39.8763
-50.6179
-49.8205
-48.0599
-47.5442
-46.6983
-42.7738
-43.0403
-46.4544
-43.6798
-48.1513
-47.8843
-44.0287
-45.3721
-38.7441
-41.4689
-35.927
-43.1497
-47.0719
-48.8756
-40.33
-39.6462
-41.1779
-45.1714
-43.4461
-43.5763
-34.0699
-32.3749
-40.927
-45.9082
-44.4691
-42.6352
-43.1614
-42.4203
-45.0296
-36.9074
-28.8493
-36.5803
-39.6667
-41.1771
-48.2368
-48.4875
-38.7638
-47.4974
-43.1798
-43.4573
-44.9729
-41.4899
-42.0635
-45.8108
-42.8881
-45.1072
-38.053
-44.7737
-48.7115
-43.6866
-42.5536
-48.7728
-51.7896
-53.9261
-54.5505
-54.3959
-49.806
-44.9025
-41.6686
-41.4957
-41.4732
-39.2543
-38.5806
-32.0027
-36.7659
-38.3772
-42.9324
-41.8014
-43.2814
-45.2353
-47.8718
-57.3076
-63.7562
-57.1862
-45.5935
-46.3154
-52.5816
-49.7626
-49.9057
-47.9593
-38.2464
-49.0964
-49.7882
-46.6385
-38.5548
-46.1593
-42.787
-44.2331
-54.0143
-46.3753
-54.6859
-44.3257
-44.4191
-48.4237
-38.206
-41.6637
-42.3553
-41.467
-41.5662
-39.0496
-32.7568
-40.7041
-38.6963
-36.7453
-42.772
-37.0758
-47.0944
-48.898
-44.6858
-45.3452
-44.8365
-44.7177
-46.9627
-42.4573
-43.6448
-44.8514
-55.3774
-49.0649
-42.6009
-45.2619
-46.2611
-41.4018
-37.4296
-42.5734
-34.9985
-40.4103
-37.937
-44.1985
-43.2844
-51.1368
-48.613
-44.587
-47.8353
-44.6577
-48.7968
-54.8323
-52.3765
-48.54
-43.9498
-52.3007
-54.7124
-62.0281
-58.1391
-48.9133
-47.3337
-49.0558
-44.7432
-42.5486
-39.68
-39.5656
-44.2807
-51.429
-46.6535
-44.5645
-44.3401
-41.9879
-43.915
-51.23
-45.4171
-41.8828
-45.6333
-50.2667
-41.7367
-39.5361
-45.1034
-43.6209
-43.6608
-38.9228
-38.7424
-41.5288
-44.0018
-40.3985
-38.5548
-38.1203
-37.8668
-43.4535
-41.9348
-43.3182
-47.5676
-47.4019
-42.4261
-46.9353
-47.218
-37.0677
-45.2437
-46.3294
-46.2531
-35.1186
-36.2198
-37.907
-35.204
-38.0055
-37.9292
-37.0467
-39.6992
-39.4684
-45.1864
-38.553
-39.8775
-48.0237
-41.5021
-44.3406
-49.6851
-49.9239
-45.36
-52.8736
-54.3815
-49.4329
-45.4751
-37.7018
-41.7417
-37.939
-39.5404
-39.1776
-35.7249
-39.7199
-37.4204
-32.05
-34.7794
-43.1154
-41.1287
-31.811
-34.3805
-40.3616
-42.9116
-36.6435
-48.0227
-46.3206
-47.1435
-38.8225
-44.2387
-44.8793
-46.7644
-56.1173
-58.2682
-47.8418
-42.6453
-49.7465
-48.7185
-47.6021
-51.0986
-46.1761
-45.3567
-49.5345
-53.3966
-56.5119
-52.7754
-53.3112
-56.5649
-51.7031
-47.3687
-47.4185
-53.0537
-50.8142
-45.9757
-47.4502
-46.2984
-47.159
-42.3655
-47.0828
-42.3099
-43.3522
-41.8341
-40.4318
-42.2634
-52.1869
-57.132
-42.0076
-41.2999
-44.8382
-39.2086
-39.3021
-39.7465
-46.861
-48.6497
-46.7771
-51.1288
-46.071
-45.1175
-46.4938
-51.4823
-48.1517
-42.361
-37.6264
-34.2429
-42.5622
-50.5047
-57.4307
-42.8291
-45.0837
-46.4032
-43.4908
-40.6215
-42.5811
-37.5258
-43.6966
-42.9144
-43.32
-43.5146
-38.5455
-42.4066
-46.2231
-42.4198
-39.2173
-41.7087
-40.5683
-47.1451
-50.687
-48.2383
-43.7357
-41.5715
-38.1826
-37.4176
-41.0133
-31.8936
-36.9496
-38.3649
-36.457
-42.0624
-38.7037
-40.6315
-46.0628
-37.5487
-35.6596
-40.1051
-41.3869
-42.6967
-47.5766
-49.6754
-44.3791
-52.0151
-48.5074
-50.1002
-46.5355
-41.3229
-40.5009
-42.0474
-37.7043
-46.3581
-45.732
-45.4381
-34.6832
-39.3112
-42.3691
-45.9529
-47.344
-49.2402
-42.6216
-38.4779
-41.8145
-43.7361
-49.6128
-51.2234
-39.3909
-44.8453
-45.3585
-39.8127
-36.3805
-39.2014
-43.929
-36.6991
-37.6516
-40.6213
-36.3512
-34.6833
-45.7242
-37.981
-40.6725
-42.4598
-45.3589
-43.776
-33.8356
-34.4027
-32.8604
-36.0414
-33.9283
-41.9139
-43.5551
-39.525
-41.5492
-43.8102
-43.4113
-40.9659
-48.0517
-48.7712
-48.0792
-52.3963
-47.101
-49.0619
-50.0454
-54.9238
-45.6998
-40.6318
-44.4194
-44.0663
-36.7828
-47.3272
-51.6648
-49.0524
-48.0171
-50.2197
-63.2377
-57.0875
-63.0162
-48.8343
-49.8995
-49.8563
-48.6471
-45.417
-39.9147
-40.3345
-41.8418
-43.594
-51.5363
-58.0893
-50.091
-46.3371
-41.8847
-42.2289
-44.5728
-47.8208
-37.4227
-42.2962
-42.2697
-45.1607
-41.8645
-42.8014
-47.8439
-45.4396
-47.7714
-43.3794
-45.5029
-42.1184
-39.9248
-41.1144
-40.4601
-44.1631
-43.2336
-43.7719
-41.2203
-32.6867
-38.5309
-42.81
-46.584
-45.5285
-37.3031
-38.8498
-43.5396
-43.5261
-43.1323
-43.3275
-48.4301
-46.8189
-43.2077
-46.5479
-39.8043
-29.4322
-33.0787
-37.7997
-43.1632
-41.7212
-44.6912
-40.7486
-45.4591
-44.2077
-45.6369
-44.9167
-42.8309
-42.6943
-43.8168
-49.9743
-44.9049
-47.3552
-40.3756
-53.3649
-50.7155
-53.9587
-53.6151
-45.7652
-48.1344
-41.1792
-40.3487
-40.7876
-46.0194
-40.0398
-41.7183
-38.719
-39.5931
-38.2979
-44.6061
-38.8239
-30.1786
-40.576
-34.6281
-34.8943
-38.0422
-38.8295
-44.1425
-35.6867
-39.5459
-39.1112
-42.2891
-43.2597
-46.0501
-42.1375
-49.4991
-42.8097
-44.5795
-40.9253
-35.2963
-38.9348
-35.9034
-48.165
-48.2982
-43.3308
-52.6052
-52.7267
-42.9992
-38.3453
-39.8604
-40.5545
-49.0534
-49.043
-42.7954
-38.6103
-45.3073
-45.9588
-48.2173
-51.9419
-39.9504
-42.4028
-36.7979
-40.7696
-43.6977
-41.2296
-48.6903
-42.6743
-43.0286
-44.7516
-40.7137
-36.46
-37.2828
-34.4974
-41.1856
-41.9616
-38.9948
-38.8147
-39.009
-41.5682
-36.3954
-41.2591
-39.6361
-39.49
-41.6289
-41.4941
-30.343
-40.7607
-38.302
-39.4388
-44.3332
-48.3242
-37.8119
-36.4648
-41.522
-48.8171
-45.5682
-47.4826
-48.4757
-51.2999
-53.5782
-47.5694
-46.765
-51.0977
-48.5484
-41.7724
-45.1012
-46.6647
-50.3607
-45.6321
-33.1014
-44.2326
-42.1876
-45.0254
-45.2019
-48.6564
-45.2457
-46.847
-48.8799
-49.0239
-56.7569
-49.177
-42.7795
-43.6451
-42.8574
-46.2035
-43.2722
-47.9737
-34.2889
-43.8768
-37.0759
-41.7062
-45.4775
-48.0799
-48.1003
-47.8497
-43.7913
-46.9226
-41.8548
-44.7526
-47.7102
-47.7076
-45.0605
-50.2433
-47.6962
-40.0706
-41.4648
-33.7425
-34.2054
-43.8574
-47.0894
-42.5842
-39.5403
-37.693
-39.006
-33.4247
-35.1011
-39.81
-40.357
-43.9115
-48.5533
-46.7157
-50.4144
-50.4138
-49.4953
-50.1645
-46.9621
-43.5878
-45.5924
-49.1151
-50.972
-48.5612
-52.5468
-50.2849
-48.7319
-48.0299
-51.018
-47.2556
-43.5884
-48.8556
-43.1367
-43.8223
-38.2645
-39.6624
-40.3582
-42.7478
-37.9243
-43.0151
-40.4862
-45.0084
-40.6076
-52.0667
-50.3207
-40.7841
-40.9036
-46.4012
-37.2063
-37.1305
-46.7859
-44.1658
-47.7472
-46.7591
-45.7045
-48.0547
-42.282
-40.5783
-48.041
-38.3332
-47.0474
-38.179
-40.6565
-41.0339
-36.3969
-43.1529
-42.9095
-44.2705
-47.4741
-45.7577
-46.7094
-45.0279
-36.1103
-43.4551
-50.987
-46.5539
-50.0682
-59.811
-56.2375
-48.8233
-50.5908
-58.0107
-62.6418
-58.7898
-46.9325
-49.6383
-42.9581
-48.1602
-49.9468
-53.4391
-45.8652
-51.6359
-52.2966
-48.0081
-42.0833
-45.747
-50.9196
-42.3686
-43.6428
-45.4734
-32.5284
-40.9153
-40.8324
-44.3045
-46.6311
-50.0371
-51.5734
-60.3283
-50.5205
-47.2693
-52.729
-42.2208
-54.3823
-64.2529
-59.0129
-62.9983
-60.6548
-59.8002
-58.9402
-57.1542
-49.6801
-49.4062
-59.6137
-60.5301
-58.7481
-45.6489
-46.0193
-50.8764
-53.3125
-52.1652
-46.0932
-43.7023
-46.903
-43.8716
-53.2201
-42.394
-44.4081
-38.47
-34.9823
-30.5327
-36.7287
-36.8242
-42.6581
-41.4474
-34.0774
-35.7079
-47.4525
-47.5677
-48.9293
-45.126
-40.1669
-42.4494
-39.2314
-42.9686
-44.8823
-52.2028
-46.9686
-36.9553
-45.1842
-40.117
-39.5183
-38.4353
-41.2104
-40.2823
-37.0893
-37.6952
-48.4657
-45.9039
-46.8263
-45.3367
-45.0783
-45.6575
-47.1697
-46.5217
-52.9706
-51.5198
-49.7302
-46.7409
-51.2545
-45.116
-53.2986
-48.175
-42.2246
-43.2485
-39.9798
-43.4528
-37.9546
-33.0743
-27.9572
-35.5339
-39.0487
-40.7832
-42.2805
-41.1601
-43.2245
-46.8846
-57.3573
-59.454
-59.4993
-55.5508
-45.3128
-49.5657
-48.4553
-49.8675
-49.0557
-51.8158
-57.3772
-58.2193
-52.9321
-51.3021
-47.8599
-46.3525
-49.3748
-39.5218
-45.5838
-51.5586
-55.8548
-49.5026
-53.5564
-45.3153
-51.0469
-47.474
-51.1886
-47.1047
-54.5896
-49.3964
-46.1962
-42.6888
-43.7354
-46.6185
-55.2765
-57.1903
-58.6767
-54.4696
-58.6041
-49.1136
-46.7688
-44.4991
-47.898
-54.7542
-51.2293
-53.37
-40.461
-42.038
-46.1474
-44.8165
-41.1324
-45.4372
-43.1788
-43.4831
-48.9353
-52.9462
-44.6897
-41.7517
-47.6496
-42.1721
-36.0722
-32.6878
-40.7784
-39.92
-43.1548
-45.033
-43.0346
-46.0148
-41.3244
-39.5288
-47.1923
-45.1478
-39.5921
-39.8702
-45.6765
-48.842
-45.3272
-46.2749
-42.8299
-42.2793
-46.8803
-45.5421
-38.1614
-51.4862
-52.0914
-49.0395
-42.9407
-40.3356
-43.3568
-34.026
-39.2823
-38.1358
-42.7628
-36.9763
-39.7852
-39.1466
-43.7179
-42.174
-46.6521
-45.5483
-47.4794
-44.9473
-44.3034
-39.3952
-45.2059
-42.8371
-53.5632
-54.424
-52.6521
-42.8636
-43.8756
-45.8035
-43.6035
-42.5264
-54.7062
-54.2397
-51.8325
-44.8471
-42.3973
-42.242
-38.7173
-42.932
-43.5749
-47.5145
-44.8066
-43.0189
-42.9573
-37.0733
-49.4099
-49.2124
-46.1804
-51.5808
-53.4149
-55.402
-61.8138
-59.6554
-53.0763
-46.8929
-44.1872
-45.0134
-41.8713
-56.2843
-50.7582
-64.5274
-61.1775
-57.1039
-61.3468
-62.329
-58.1438
-55.1821
-53.2108
-53.4404
-48.121
-48.1568
-41.1717
-37.2423
-37.2188
-34.4884
-38.8461
-42.8618
-38.4931
-38.2607
-39.3583
-38.3513
-38.8666
-39.9795
-36.36
-36.6076
-40.5911
-44.694
-36.6804
-42.4001
-44.3024
-46.4204
-46.8472
-44.077
-53.2507
-54.5319
-45.2108
-52.443
-45.9454
-44.1151
-44.2342
-51.0327
-50.4155
-46.3798
-42.6159
-40.9916
-31.3806
-38.1092
-37.4006
-40.498
-37.6925
-42.0305
-46.3339
-43.7031
-51.0791
-47.9654
-54.1065
-48.9353
-47.0719
-47.4302
-51.8213
-46.808
-51.0599
-51.4372
-43.088
-36.7153
-34.3865
-42.7285
-43.0372
-51.1831
-36.9226
-38.8125
-43.4187
-45.6147
-36.1265
-40.25
-42.841
-38.7283
-39.8367
-41.1195
-41.3983
-46.2502
-47.1106
-53.4423
-44.2283
-38.5297
-39.0956
-47.0824
-36.8395
-38.1811
-37.2514
-38.8925
-44.1932
-48.1278
-44.4769
-39.5233
-41.9248
-45.5484
-48.5445
-42.0975
-48.4957
-38.0383
-39.6824
-37.0662
-42.0982
-39.1252
-39.1237
-43.638
-54.9677
-58.198
-46.4556
-46.4974
-49.155
-46.3481
-47.8207
-50.3696
-44.5606
-44.6242
-45.7191
-45.7138
-48.9099
-44.4045
-43.1162
-34.6944
-38.544
-48.6689
-52.2731
-54.4128
-56.2559
-51.739
-46.6993
-45.0762
-42.5474
-37.3345
-39.2373
-39.143
-39.3868
-39.6108
-42.9228
-39.5536
-45.2925
-40.7207
-42.4008
-42.3036
-45.263
-46.9642
-45.2713
-46.1098
-45.9337
-43.9772
-48.8965
-44.5792
-44.2227
-46.2839
-43.0918
-48.3114
-39.6959
-42.2625
-42.7299
-45.2237
-41.1846
-47.0104
-48.0758
-51.4593
-52.0181
-36.9282
-45.4283
-42.5562
-45.7168
-36.6427
-43.3872
-47.0583
-45.6948
-51.5476
-51.1181
-42.647
-45.3819
-46.1641
-41.0286
-42.2431
-36.9452
-37.7946
-40.1377
-32.0662
-37.2032
-36.829
-39.8709
-48.559
-44.7297
-47.7438
-40.6883
-34.7174
-40.3553
-27.1252
-35.6477
-39.0837
-37.0455
-38.2974
-48.3833
-44.7959
-40.043
-41.7469
-39.233
-44.6602
-48.0177
-50.7031
-48.2817
-46.1211
-38.1221
-40.0837
-38.8633
-42.943
-50.1374
-42.6573
-43.432
-39.8226
-42.7565
-44.1622
-41.8525
-41.3055
-50.5183
-49.013
-49.6257
-40.8696
-42.2482
-50.3763
-45.2626
-37.2299
-47.3127
-42.0042
-41.636
-40.7555
-34.5291
-36.0468
-40.5757
-43.9354
-40.7419
-41.1969
-49.1344
-42.8791
-43.6154
-42.3275
-42.2517
-34.1355
-43.3128
-45.4659
-34.0104
-41.1329
-42.6949
-48.744
-39.3665
-37.4036
-30.4178
-33.0597
-35.0267
-34.6491
-39.223
-38.6221
-41.1347
-38.3902
-43.7183
-39.6179
-36.5237
-45.0031
-46.9053
-47.341
-41.6054
-46.5572
-39.9519
-47.7308
-43.3562
-45.8229
-31.7343
-43.112
-47.4673
-48.1389
-42.8255
-52.2377
-48.16
-51.5619
-48.6487
-37.7817
-45.1477
-43.3469
-36.5802
-42.628
-40.5534
-43.6325
-44.3207
-39.5931
-41.6113
-43.833
-43.9008
-37.309
-36.3791
-36.0736
-42.3618
-38.4823
-37.2323
-33.2538
-44.4459
-39.3948
-47.6291
-53.081
-50.9161
-54.7746
-53.4453
-47.6436
-46.2099
-46.6217
-43.0405
-51.4934
-49.4831
-44.5285
-40.9442
-35.5805
-38.4875
-42.4312
-48.1247
-40.9519
-36.4352
-41.6808
-45.0572
-51.0735
-50.6997
-43.2318
-39.8438
-41.0028
-43.841
-43.2972
-38.6483
-41.1727
-41.2247
-47.3127
-48.2479
-46.3806
-45.5116
-52.4071
-49.388
-44.5194
-38.131
-36.8538
-43.2153
-47.8517
-49.4724
-45.083
-49.9502
-40.3972
-38.7835
-34.4335
-31.2629
-33.0625
-41.7546
-41.175
-36.2555
-41.6639
-35.5649
-39.7256
-38.1617
-41.4271
-56.0831
-47.1673
-39.6782
-43.4678
-36.3104
-37.6337
-36.1619
-38.9336
-34.2814
-37.845
-42.9422
-40.2003
-44.0228
-41.9442
-41.5487
-46.0472
-48.9952
-50.7883
-42.7598
-44.874
-53.7671
-55.4416
-46.7766
-48.1099
-39.1453
-39.8411
-34.6637
-47.7299
-49.1603
-50.7753
-41.7842
-47.2745
-41.204
-49.1639
-45.4876
-44.3077
-44.0089
-38.6586
-33.7314
-34.6713
-40.0942
-41.6723
-43.6651
-47.318
-50.2234
-45.8808
-35.1097
-54.1439
-58.4078
-55.735
-53.7407
-59.3097
-60.6072
-56.893
-45.524
-49.4144
-54.6796
-52.9796
-59.4854
-59.1087
-50.6819
-39.7828
-48.2341
-49.6771
-46.8476
-43.6076
-46.228
-44.7348
-41.4752
-49.6255
-48.9433
-47.7724
-35.9077
-44.3887
-44.205
-40.9529
-35.862
-40.9603
-39.2845
-44.2281
-38.3727
-45.0495
-50.7164
-49.4663
-41.3106
-44.2312
-46.9014
-40.0356
-43.9776
-40.4319
-42.2575
-52.7576
-39.744
-47.7473
-48.9018
-41.3788
-43.5134
-45.1813
-40.0997
-39.639
-45.2661
-41.5921
-42.2707
-43.6914
-49.9807
-47.0054
-45.9909
-50.1514
-51.132
-46.3858
-40.7257
-38.7191
-43.258
-42.1718
-42.1924
-38.8304
-45.6716
-46.3094
-46.2642
-42.921
-42.4799
-38.9542
-39.8645
-45.2524
-50.879
-48.0621
-39.1659
-44.7077
-44.7898
-45.7291
-43.1286
-38.3738
-37.9403
-46.8667
-50.5417
-50.5029
-53.3577
-44.9685
-46.4802
-58.1039
-50.0519
-44.1185
-45.5438
-40.7422
-45.2347
-38.1819
-42.4531
-49.7024
-47.8208
-43.8259
-42.0836
-39.9259
-38.689
-49.4464
-41.1966
-46.3759
-46.5607
-47.6492
-54.3072
-48.3979
-47.9141
-42.9515
-38.4032
-49.002
-40.2914
-38.035
-35.8783
-35.7439
-44.8137
-47.7079
-43.4767
-45.0987
-36.0852
-38.427
-40.3899
-33.7453
-40.0296
-48.8496
-47.8341
-48.6826
-40.8997
-40.2431
-43.4528
-41.0064
-44.0563
-38.2439
-39.71
-43.039
-45.0233
-45.7644
-52.6319
-47.5008
-46.749
-44.9903
-44.4572
-49.7011
-52.0014
-53.9125
-45.2209
-47.8834
-46.9119
-42.0641
-41.7862
-40.0078
-36.3797
-41.6061
-43.0204
-48.6388
-46.1417
-37.581
-37.3578
-38.4975
-45.024
-44.2136
-39.8732
-47.2956
-42.3494
-47.6024
-42.307
-51.6274
-47.1492
-52.7564
-50.9108
-47.4818
-39.4725
-39.463
-35.4377
-44.993
-42.0561
-38.8779
-37.641
-36.6078
-40.487
-36.649
-36.6866
-31.334
-35.7327
-38.5779
-41.7351
-33.2046
-33.2314
-41.7288
-44.5031
-42.3587
-44.0756
-48.5792
-48.1043
-49.2888
-45.9114
-51.1232
-42.8531
-40.3726
-39.971
-42.4508
-40.5645
-40.2009
-41.6731
-47.3443
-49.38
-54.3493
-49.7334
-51.339
-52.4796
-48.1364
-58.0159
-55.0276
-55.1529
-61.3978
-55.1607
-48.2507
-46.412
-45.8469
-41.3983
-42.3974
-44.8478
-44.5044
-37.0991
-34.8775
-36.0761
-37.713
-36.7663
-42.9438
-43.5947
-40.5216
-38.3662
-47.3805
-47.7471
-41.3945
-42.2317
-42.9178
-40.8395
-43.8773
-41.6429
-38.5081
-37.7928
-43.4975
-46.5067
-43.9999
-46.8775
-48.035
-52.6148
-45.2641
-54.2219
-39.6737
-41.1267
-42.311
-42.5541
-41.6122
-38.6635
-41.4691
-41.2703
-42.8966
-41.5009
-45.0561
-50.0532
-53.7438
-47.152
-40.5209
-49.8494
-48.1437
-52.086
-43.7276
-45.9631
-42.0482
-38.7741
-35.494
-38.4254
-45.2674
-47.4252
-53.0487
-48.3177
-38.7428
-40.4419
-38.4472
-40.8836
-50.0657
-44.3475
-47.8645
-46.7846
-43.9131
-49.7225
-49.6049
-47.8454
-50.8736
-53.7986
-54.7823
-47.177
-52.6217
-49.5771
-50.5024
-53.7692
-49.8647
-45.0044
-52.0676
-53.1085
-46.0081
-38.9307
-33.1337
-37.1663
-39.2339
-42.0755
-34.6753
-37.1668
-37.2051
-37.2895
-35.4498
-38.2543
-42.2369
-37.6333
-36.6294
-41.6399
-40.5366
-39.2007
-42.5734
-43.2436
-40.9516
-42.8681
-43.0529
-40.9018
-44.3135
-46.7698
-36.7578
-45.2927
-47.3809
-42.9909
-47.8381
-49.3774
-48.794
-35.3655
-42.103
-37.7149
-39.181
-36.67
-39.0773
-40.9984
-37.6291
-35.432
-33.8412
-36.2027
-34.1641
-46.7656
-46.684
-44.4175
-41.991
-41.7307
-47.9812
-41.6535
-41.7703
-44.5215
-47.5452
-52.2318
-58.8069
-60.5792
-46.9988
-44.561
-50.2394
-42.6132
-44.0741
-41.3825
-48.1201
-43.481
-43.7163
-41.041
-42.6998
-40.9572
-42.9766
-48.9188
-51.12
-52.6412
-52.4263
-47.2952
-40.8283
-44.4587
-52.3128
-47.914
-47.7631
-48.0784
-47.1879
-47.3386
-51.5549
-51.6252
-46.7396
-50.5201
-46.1103
-43.5408
-47.557
-45.7738
-44.8606
-43.6199
-48.8246
-43.4785
-45.9207
-45.0324
-46.3238
-44.1859
-49.4175
-54.7943
-55.8524
-42.7385
-53.4487
-54.1034
-43.6516
-49.8575
-50.7752
-49.2808
-55.4933
-52.7448
-52.2247
-54.5008
-56.9224
-60.2282
-61.0625
-62.3461
-44.6496
-41.8636
-46.0346
-43.0677
-38.9696
-39.5086
-41.7086
-44.0097
-46.8038
-43.1466
-47.4326
-54.2099
-57.758
-55.5532
-50.783
-45.1602
-43.8823
-46.1282
-47.8182
-46.5578
-47.3081
-40.6653
-40.951
-42.0332
-39.3205
-38.4742
-40.5894
-37.9023
-35.9963
-34.4207
-37.2983
-41.5596
-39.5378
-39.3065
-37.6581
-34.3048
-40.9164
-48.7263
-50.3224
-51.5525
-53.4299
-56.8558
-49.4316
-46.1499
-43.4958
-40.7717
-39.1345
-40.6211
-48.6853
-45.9075
-45.3187
-40.0415
-44.3808
-49.4496
-55.1422
-57.5198
-51.5412
-53.534
-51.3956
-52.9182
-48.4788
-49.6541
-46.8831
-43.5723
-46.3866
-48.0474
-47.9513
-43.0066
-40.7867
-39.5553
-43.3155
-42.8446
-39.2986
-34.5458
-37.9577
-36.9865
-39.0179
-45.4795
-46.7373
-37.3463
-35.342
-37.3221
-39.4385
-36.8234
-44.841
-42.3223
-39.3112
-41.2968
-52.5611
-41.9601
-49.8927
-48.6913
-54.2401
-55.1321
-48.7735
-48.2982
-44.2983
-44.7648
-46.0195
-44.3459
-44.9876
-46.5
-37.3625
-32.8783
-32.1883
-34.3687
-42.3083
-39.1915
-43.8445
-46.0071
-52.9189
-44.6822
-43.9706
-49.7686
-47.1182
-49.8636
-50.3941
-52.8281
-58.3744
-51.4675
-52.1624
-57.5776
-51.9869
-57.5801
-52.5117
-49.7893
-44.7748
-45.3027
-40.4218
-31.9391
-33.7427
-32.3543
-39.225
-37.6718
-43.0559
-44.5766
-45.9288
-45.9562
-47.1774
-45.4976
-41.029
-43.4567
-38.5454
-45.1383
-46.2548
-47.8421
-44.0127
-36.8096
-44.5971
-41.7624
-43.7001
-42.1725
-42.1024
-30.6064
-37.7242
-38.4507
-45.5581
-46.1931
-45.9116
-50.4451
-42.3572
-44.3376
-47.9555
-38.5409
-40.5276
-43.2689
-33.2724
-45.9961
-38.9466
-38.896
-40.8207
-38.8486
-37.8634
-42.3873
-46.9813
-48.4003
-53.2368
-50.9648
-42.1444
-40.8232
-43.7528
-45.8687
-45.7124
-55.7232
-45.2044
-39.8443
-35.9803
-35.2186
-40.7502
-31.755
-35.3209
-43.1078
-45.459
-49.9113
-51.0802
-50.8584
-52.7617
-46.8221
-47.4832
-43.6291
-48.7873
-52.308
-42.6344
-35.4461
-47.7326
-48.5943
-44.2588
-42.4492
-45.3106
-46.0365
-44.2821
-44.1586
-49.6022
-44.7513
-38.8985
-47.7462
-52.6858
-49.413
-52.1122
-47.7184
-55.3937
-52.5627
-55.9866
-45.0057
-45.0878
-44.4216
-41.4525
-42.1534
-41.6959
-42.6662
-43.38
-41.1114
-44.6267
-37.0301
-35.1614
-36.5501
-30.6014
-31.5286
-39.5712
-40.1033
-39.1352
-41.931
-43.6786
-45.1059
-45.2904
-45.1824
-44.6843
-45.8029
-49.2159
-46.0778
-44.4079
-44.7818
-37.7747
-41.463
-38.841
-36.1885
-36.0648
-34.7359
-33.4569
-32.9411
-40.6586
-41.9915
-44.5266
-45.1767
-43.503
-49.071
-38.9422
-38.354
-42.2671
-47.8056
-46.2379
-51.1304
-41.2756
-54.1718
-50.443
-55.6523
-55.205
-48.6917
-53.0932
-49.1033
-50.6629
-49.1014
-50.29
-44.1399
-41.0706
-42.8206
-40.0943
-34.6232
-43.0826
-42.4322
-43.9946
-46.0994
-53.4835
-50.2721
-45.9238
-39.5757
-41.014
-40.8611
-40.7902
-46.1189
-39.5558
-39.5425
-43.1016
-45.621
-45.7023
-48.7976
-43.6478
-45.445
-42.9697
-43.2527
-41.2893
-41.8382
-39.2236
-40.8573
-32.5713
-33.888
-37.5203
-39.2485
-34.1476
-32.3903
-41.6702
-48.407
-44.3015
-39.6669
-44.4725
-42.0368
-44.9172
-46.4916
-38.3832
-39.2008
-37.2783
-37.3073
-36.4299
-35.8005
-38.2435
-40.5964
-41.7353
-42.9775
-39.4897
-35.467
-37.138
-36.5518
-37.2022
-41.5336
-40.6326
-42.2659
-42.1466
-40.9253
-43.5146
-38.2771
-40.9653
-47.2226
-45.935
-44.9765
-44.7098
-40.6044
-43.3687
-44.9288
-45.748
-45.6802
-46.3904
-41.9215
-49.5368
-50.0624
-48.3526
-44.6878
-44.8832
-39.202
-43.1255
-39.8257
-41.7189
-39.6087
-39.4644
-41.4799
-40.0148
-44.7697
-42.5519
-46.3666
-44.5965
-51.8
-46.4975
-47.7732
-38.1202
-34.5823
-40.9891
-47.5541
-43.0721
-31.4711
-39.2045
-37.2623
-32.737
-42.0664
-42.726
-39.3243
-41.8497
-43.5177
-37.876
-40.0568
-39.7226
-38.5233
-40.3442
-49.4041
-49.562
-55.2852
-53.9658
-53.8394
-49.9793
-51.6321
-55.2895
-56.0777
-53.4453
-49.4714
-45.8945
-38.7876
-42.7026
-41.4924
-44.5632
-46.5099
-44.1406
-40.5159
-36.4222
-41.6925
-37.1702
-39.734
-45.6667
-42.8622
-42.0534
-47.0224
-52.9008
-52.0264
-46.9364
-44.5517
-45.5151
-47.6915
-51.5541
-50.4726
-49.387
-44.0896
-43.0569
-44.8051
-42.6911
-39.8655
-41.958
-39.7909
-47.5826
-45.345
-43.539
-41.93
-39.2492
-34.1881
-41.8719
-44.2452
-37.8878
-38.74
-38.1657
-44.4331
-48.9737
-53.7855
-47.0723
-45.2616
-47.4278
-49.7072
-47.3879
-50.9945
-48.6379
-41.5824
-38.8821
-36.2837
-35.147
-38.5301
-43.3814
-39.9408
-40.3661
-44.7759
-37.8493
-44.3372
-52.9885
-46.9185
-47.7091
-44.2197
-41.4067
-42.1882
-53.3735
-53.4492
-41.6922
-51.5741
-52.0303
-51.1001
-51.5835
-47.0593
-45.5372
-53.4846
-46.6172
-50.4287
-42.6495
-39.3622
-37.2456
-40.3517
-46.6039
-51.2467
-50.5805
-48.0881
-47.2186
-49.0071
-45.2161
-41.5658
-37.6045
-39.6402
-40.1431
-42.315
-47.8882
-46.944
-39.2276
-41.1147
-39.6181
-38.9855
-41.7374
-44.1753
-46.0489
-52.3897
-52.2412
-35.5108
-40.8488
-38.783
-48.5174
-49.1679
-45.6454
-49.3044
-48.245
-45.446
-46.1095
-46.7274
-46.1345
-50.6117
-57.7264
-58.1591
-53.7901
-45.3809
-44.3415
-37.8652
-43.3113
-51.5682
-51.5113
-54.5923
-49.1246
-44.4343
-43.804
-46.4455
-47.0069
-50.3364
-51.4765
-50.6464
-49.7071
-46.3326
-43.6541
-42.4694
-48.4002
-52.833
-41.0464
-48.5395
-47.9903
-48.8104
-44.1271
-43.755
-41.5798
-43.0146
-45.2453
-43.9367
-37.4806
-47.8633
-53.1494
-60.2361
-54.9269
-48.5194
-39.6692
-43.3977
-39.9612
-40.3764
-38.8104
-41.5438
-40.9156
-39.7057
-38.4126
-38.7108
-42.0646
-45.2401
-45.4571
-41.0795
-45.7595
-58.2104
-61.0723
-57.2424
-49.6823
-44.3638
-41.3296
-48.1108
-42.8807
-39.7692
-43.8662
-48.6045
-48.0786
-43.9973
-51.7025
-45.2975
-44.3373
-45.0126
-34.3556
-36.772
-40.9427
-40.8436
-33.073
-38.7737
-45.7091
-42.9607
-45.0947
-47.5222
-44.8096
-38.8529
-39.4712
-44.2227
-50.7165
-50.4692
-46.3001
-46.3746
-51.325
-54.9651
-55.1677
-54.1189
-58.3656
-54.8099
-44.577
-47.1097
-45.522
-41.0805
-42.4426
-43.599
-47.544
-47.9188
-43.5396
-49.2862
-47.3944
-47.1886
-47.0327
-44.7321
-49.1066
-49.8252
-48.0364
-46.5231
-48.3032
-41.722
-39.4267
-44.2411
-44.4621
-40.2669
-42.2079
-39.9073
-35.2327
-37.1198
-47.4054
-46.7344
-41.181
-43.543
-45.183
-39.2307
-44.3217
-48.3278
-54.4263
-46.9627
-46.8098
-41.1359
-37.4564
-44.3729
-44.2388
-40.9832
-37.9722
-41.3715
-42.4786
-40.7093
-43.007
-39.5616
-39.3474
-43.8835
-43.5655
-45.7389
-48.6452
-47.3134
-46.5828
-44.5495
-50.7689
-51.3726
-56.9838
-50.5122
-44.3873
-43.3494
-48.9691
-44.7298
-45.3578
-44.9049
-45.2877
-48.5302
-47.1048
-47.5535
-42.9512
-47.4754
-46.0744
-46.4778
-35.8323
-43.9488
-52.3484
-50.7478
-45.7617
-43.4188
-49.0415
-46.0693
-45.551
-45.5139
-46.3295
-41.3404
-47.0919
-52.6019
-39.1875
-35.7206
-37.1565
-43.7308
-37.5738
-42.3777
-43.922
-46.8183
-46.1865
-54.0264
-46.1118
-47.1748
-51.1186
-47.3837
-54.0272
-50.536
-47.4656
-46.6962
-54.2974
-50.1652
-50.756
-50.7695
-48.8914
-40.7999
-43.3636
-45.1508
-43.1066
-40.9427
-41.9115
-47.6466
-48.8468
-52.0483
-55.5359
-64.9766
-62.1495
-53.5375
-59.9568
-57.792
-62.7451
-53.5884
-54.2842
-57.0859
-51.9709
-53.4958
-50.4829
-53.4804
-49.1853
-51.1796
-52.7112
-42.2673
-39.4543
-44.902
-50.0882
-51.353
-48.9426
-46.9095
-48.7774
-57.2327
-54.7988
-53.7412
-52.8308
-40.9103
-46.0203
-47.9571
-41.5447
-45.3272
-44.9032
-47.8287
-46.7636
-48.9256
-49.3135
-55.7261
-51.5982
-52.4312
-45.1289
-43.9013
-47.3932
-48.1709
-46.9293
-45.3253
-48.1703
-39.7178
-48.8157
-45.1142
-55.8926
-54.0449
-47.666
-45.9839
-45.7906
-50.2541
-47.6749
-50.1337
-43.5481
-45.4447
-40.4911
-41.6969
-35.7276
-32.1983
-41.1141
-37.5604
-42.2144
-48.8393
-41.8126
-42.8385
-40.7417
-37.3088
-47.1695
-45.2522
-48.5787
-41.4678
-43.6407
-49.9062
-49.0878
-56.7706
-55.4574
-51.3903
-48.9044
-52.2564
-49.4956
-48.7239
-52.7602
-54.8575
-55.0035
-47.8102
-51.5921
-48.4528
-47.5542
-50.0388
-47.3419
-50.8358
-48.2594
-44.5792
-48.0429
-43.3779
-43.4092
-47.0767
-50.5181
-50.4753
-48.7162
-47.3169
-40.6975
-42.8082
-46.0823
-41.3241
-39.6587
-42.6219
-39.2955
-43.7447
-45.0567
-42.1004
-43.3386
-47.1263
-49.5178
-49.4247
-48.2217
-41.9891
-41.9712
-41.2578
-48.4141
-41.896
-35.6063
-41.6117
-41.1597
-39.1175
-40.2913
-42.3923
-44.2246
-47.9164
-39.0087
-38.615
-36.8089
-43.2053
-46.9203
-51.2436
-49.5305
-53.6634
-50.047
-45.0521
-44.0074
-38.7163
-34.1748
-38.2067
-38.3953
-45.749
-47.8212
-44.5498
-42.214
-37.5028
-33.1006
-29.8392
-32.7978
-37.846
-40.3825
-46.1569
-42.6361
-44.0807
-41.1405
-49.3926
-48.4053
-49.6828
-40.5202
-42.9314
-48.0118
-49.078
-51.4809
-50.8398
-49.8366
-53.1261
-46.9613
-43.4586
-39.7331
-42.9727
-44.653
-44.0544
-42.3942
-43.6827
-46.9856
-50.0834
-43.6931
-50.8225
-49.5555
-49.0738
-47.5341
-47.9529
-47.8824
-55.4568
-52.7392
-50.6187
-50.279
-46.5027
-42.9347
-35.0175
-34.7788
-40.5418
-45.9081
-41.4049
-44.6275
-46.7163
-40.8476
-43.1587
-43.8029
-42.6916
-43.264
-43.5796
-48.593
-45.1876
-45.5473
-53.1817
-53.5982
-51.7502
-45.237
-43.7571
-40.959
-37.8115
-38.1332
-41.3283
-41.8904
-40.867
-45.6943
-41.7747
-37.8941
-42.1103
-37.7005
-37.8861
-36.6579
-39.061
-42.3572
-43.905
-34.3602
-42.0376
-45.3496
-44.5942
-52.1374
-52.9403
-47.9428
-49.3736
-53.0785
-45.0186
-45.4445
-48.2224
-44.3352
-42.4247
-52.1472
-42.3231
-39.6934
-42.9605
-46.7813
-42.4072
-46.1648
-40.5969
-46.9486
-47.0221
-48.1259
-45.2171
-47.7777
-52.6788
-47.6008
-50.0794
-51.7005
-50.4065
-55.2588
-46.5291
-46.9515
-40.359
-44.1175
-38.948
-40.7716
-48.5002
-55.4809
-55.0991
-54.0331
-48.0929
-47.404
-41.2607
-42.8819
-42.9671
-45.3349
-46.2363
-40.1481
-43.2125
-42.837
-44.0914
-39.5054
-39.6719
-40.1421
-36.565
-42.9415
-46.0434
-45.3152
-37.5188
-34.3927
-38.7765
-41.1358
-45.4
-48.4684
-45.0491
-44.5342
-41.527
-38.7251
-43.2559
-38.0659
-38.6939
-41.2236
-42.5265
-47.2577
-38.3791
-32.2144
-42.2663
-50.5505
-47.7711
-44.7251
-41.0151
-45.8077
-43.7762
-36.4837
-39.6578
-45.6606
-43.5877
-39.5851
-42.034
-44.7778
-39.6538
-35.4812
-36.8704
-44.811
-43.3853
-44.5968
-52.2029
-48.7086
-57.0341
-56.9664
-51.6377
-51.4099
-57.7588
-55.6462
-55.3185
-51.2451
-49.5791
-55.5507
-51.7532
-40.9776
-47.4601
-50.7552
-47.5508
-45.0244
-51.0833
-43.8675
-44.99
-46.1766
-55.7003
-51.6738
-49.0684
-42.8361
-44.3445
-42.2818
-39.2419
-36.7095
-40.6269
-46.07
-46.6362
-43.4235
-52.7306
-44.5749
-43.6075
-40.5817
-36.7497
-48.0539
-35.9827
-36.8414
-40.2358
-33.1433
-33.647
-44.7484
-47.6401
-47.3013
-53.4302
-52.2889
-46.4226
-39.2535
-46.5135
-41.1185
-38.5362
-31.6663
-45.7954
-35.2974
-38.9289
-39.4467
-36.9458
-39.8629
-45.178
-50.7302
-52.6352
-55.6967
-56.965
-45.4955
-45.4017
-55.497
-46.4243
-45.1369
-55.1668
-48.3655
-53.0325
-43.2443
-49.2825
-40.6809
-50.1542
-48.4311
-45.6965
-41.4387
-39.9412
-38.2256
-46.5875
-45.6463
-40.7268
-39.8778
-38.0909
-39.7898
-36.9066
-35.2216
-43.8525
-43.7337
-39.8785
-39.1196
-43.6388
-35.9285
-46.6705
-49.3792
-42.6123
-40.7394
-39.7758
-44.2981
-45.3885
-50.0286
-53.5329
-53.2422
-57.3768
-46.1356
-41.4285
-41.6506
-47.7316
-42.1343
-43.3329
-35.2045
-35.7609
-34.0705
-38.1709
-37.8279
-38.4088
-39.6184
-36.055
-45.5189
-40.8003
-45.9194
-45.7898
-37.3933
-34.0097
-45.4007
-46.0954
-42.9048
-44.2023
-50.377
-45.6954
-39.6022
-44.7902
-45.8673
-40.4416
-44.4753
-44.326
-43.9964
-41.6271
-41.4041
-37.8343
-42.5774
-56.297
-51.1899
-50.8718
-45.1008
-38.897
-39.9827
-36.4158
-39.8388
-35.3373
-44.1338
-48.3637
-44.0769
-42.2274
-45.3413
-41.562
-31.8994
-34.3308
-37.1418
-39.4422
-46.3897
-47.4821
-42.9249
-46.0278
-47.9288
-44.3647
-49.0362
-47.0138
-37.9844
-39.7379
-34.6341
-35.2558
-39.1099
-40.0323
-37.5186
-40.5672
-38.9001
-36.6631
-39.7701
-40.6361
-40.6698
-36.5574
-38.8325
-49.3949
-47.0532
-46.7853
-40.4024
-43.739
-38.3531
-41.2533
-48.7483
-52.7894
-37.9866
-34.636
-42.6122
-39.4653
-41.3722
-37.5652
-35.4566
-37.7436
-38.3784
-47.7929
-40.5025
-51.0448
-54.601
-53.2787
-49.5917
-43.9677
-50.5945
-44.8573
-46.4889
-46.6726
-44.7408
-43.81
-41.1662
-44.106
-49.8681
-42.3619
-43.291
-51.8246
-58.9076
-51.9249
-50.8164
-50.028
-49.3004
-52.4365
-41.6343
-43.3445
-45.1209
-54.232
-50.7754
-54.3456
-39.6802
-34.3183
-33.6276
-44.5497
-39.3085
-38.2309
-38.8246
-38.014
-42.9184
-45.6247
-47.0629
-38.1655
-43.8954
-40.6444
-33.6956
-36.8999
-41.7396
-44.6878
-34.5619
-43.0887
-38.4679
-47.8357
-46.2684
-45.9668
-40.0233
-57.6225
-59.1551
-49.0941
-49.1492
-42.0421
-41.86
-44.6105
-39.4679
-46.3511
-45.6094
-42.4799
-46.7627
-44.5983
-48.4366
-49.2341
-52.4811
-46.79
-52.9561
-49.038
-52.6394
-49.1635
-44.8963
-40.0062
-46.3356
-38.1833
-41.7186
-37.6966
-47.028
-36.4153
-34.7602
-34.7923
-39.9625
-45.8567
-43.3675
-40.4007
-42.9874
-40.4431
-44.7336
-45.2348
-35.942
-40.2053
-45.1584
-42.9486
-41.1004
-37.3363
-42.2401
-37.0454
-40.2441
-33.8903
-31.7818
-44.5392
-45.3477
-38.1291
-44.3758
-45.2414
-42.2992
-44.6217
-44.6954
-52.0703
-51.9788
-49.8771
-48.3883
-45.877
-38.2385
-41.4184
-45.9879
-45.0034
-41.5991
-40.9295
-44.4013
-47.5901
-55.1647
-48.3939
-54.1646
-51.053
-47.0486
-52.5867
-42.0829
-42.4758
-47.0255
-40.4051
-52.6059
-46.2729
-45.8659
-49.528
-49.3297
-47.8745
-45.2488
-47.0949
-42.7251
-41.2656
-38.8114
-42.4048
-41.9862
-45.8354
-41.9068
-34.0598
-47.2468
-51.9456
-49.1578
-38.0179
-46.7543
-42.873
-43.2343
-45.5522
-48.3354
-41.0504
-49.334
-52.4986
-47.7648
-49.0321
-48.6941
-47.7571
-40.9369
-37.2416
-34.2458
-39.5704
-45.9553
-43.8315
-46.5265
-45.3142
-37.852
-41.3095
-37.1238
-40.8082
-35.8649
-41.4663
-42.5044
-40.779
-43.4002
-49.1892
-42.0703
-42.9212
-43.0814
-40.2611
-43.5601
-42.9267
-43.479
-42.5469
-45.0095
-50.5174
-48.0439
-44.6506
-48.1788
-43.2001
-39.565
-34.6579
-44.6111
-48.8587
-42.0136
-39.0438
-37.5038
-36.5727
-40.1611
-38.4084
-36.2567
-43.4136
-46.0822
-36.0575
-44.8871
-42.1435
-39.6943
-34.4546
-43.7094
-46.4801
-52.6734
-49.5973
-47.4764
-54.9112
-55.6473
-53.8892
-51.2149
-41.4106
-45.7003
-37.205
-39.5308
-41.2008
-39.9618
-50.9331
-46.3586
-48.6424
-42.5671
-41.1036
-43.6069
-42.5903
-34.8905
-38.4847
-39.6898
-36.1871
-42.8479
-40.8156
-41.5625
-40.9829
-40.9682
-46.8661
-54.094
-50.3043
-42.3859
-42.7142
-37.0435
-44.1192
-39.18
-31.3256
-37.9393
-30.6575
-37.2829
-42.8099
-38.4008
-35.4051
-39.4326
-37.9185
-39.2109
-35.3303
-39.0836
-41.714
-45.4504
-49.6394
-50.9092
-55.5056
-58.8363
-52.0098
-60.6593
-42.8735
-43.6497
-48.5323
-46.7975
-43.5932
-49.2528
-43.8897
-43.9203
-44.9194
-41.6733
-45.9322
-40.4381
-40.1242
-40.6639
-38.7073
-37.3362
-43.8804
-35.0959
-43.6123
-50.1332
-46.8372
-45.3731
-43.8783
-41.9611
-39.3952
-40.8067
-36.3486
-36.5657
-35.326
-37.1475
-38.3567
-42.7939
-42.4458
-41.9793
-47.2277
-45.1929
-36.6775
-40.4797
-40.9544
-48.4232
-49.5518
-45.0738
-47.6079
-47.6076
-43.5857
-43.9311
-37.3676
-43.3618
-46.791
-44.4368
-40.4032
-41.8715
-43.7818
-37.9309
-40.463
-47.13
-44.5021
-38.2457
-42.8165
-35.9272
-45.7452
-41.9401
-41.2535
-49.0992
-37.2498
-35.0275
-40.9314
-43.5734
-33.4051
-36.3542
-37.8709
-38.8192
-46.3915
-49.5608
-42.5349
-39.1935
-40.2522
-41.1892
-40.0064
-42.7802
-42.3334
-46.4404
-45.831
-53.1785
-58.0076
-52.8696
-40.5633
-51.3758
-45.6718
-37.7007
-37.3985
-43.0784
-49.0473
-48.06
-45.224
-42.8638
-46.2075
-52.2034
-52.3308
-47.5168
-47.8956
-52.2356
-52.001
-45.2364
-49
-48.43
-41.862
-44.4866
-41.6156
-39.6626
-48.5535
-45.0422
-39.6771
-47.4124
-41.8563
-48.9224
-37.7087
-47.4057
-51.879
-55.2806
-58.4088
-61.188
-62.9875
-60.4016
-62.5505
-54.1758
-55.9922
-54.2908
-47.1703
-48.7188
-48.2349
-52.4978
-61.4332
-51.111
-47.3385
-47.7687
-47.6765
-44.5481
-41.7038
-43.2882
-41.7755
-33.7389
-39.9273
-50.7229
-44.8834
-42.8721
-41.4255
-37.144
-34.0881
-39.3397
-38.8046
-38.5806
-41.0847
-38.7289
-33.8283
-48.3699
-47.735
-46.0185
-39.2577
-41.9303
-45.0783
-41.9382
-41.2315
-41.1782
-46.537
-47.4177
-40.0459
-43.2527
-44.2903
-46.8563
-42.1936
-43.5423
-45.0082
-45.2632
-47.4152
-41.9414
-49.6252
-46.5685
-39.5325
-41.4669
-41.4466
-46.1901
-43.1825
-37.0129
-34.1173
-36.9758
-43.9392
-51.1461
-51.3715
-44.6563
-42.5124
-49.0383
-48.6332
-45.2179
-44.49
-39.0448
-39.6443
-35.9622
-41.6307
-41.7475
-40.6133
-42.9513
-40.2753
-40.6998
-40.144
-39.205
-43.1169
-34.0873
-45.1483
-44.2016
-39.9725
-41.5519
-40.8513
-42.3034
-45.725
-42.8178
-40.2035
-41.592
-38.7167
-45.5881
-41.641
-43.3567
-47.4449
-45.7831
-49.093
-46.8461
-58.2812
-45.0013
-44.5175
-41.6253
-44.8688
-49.7768
-56.7129
-49.6162
-49.742
-55.9218
-48.9028
-42.5446
-34.1571
-40.5315
-39.6209
-42.332
-43.6879
-39.1627
-40.8039
-47.2005
-41.2661
-49.5841
-43.2394
-39.1316
-44.1603
-42.4276
-41.4282
-41.3235
-38.2271
-32.1954
-35.1998
-43.1571
-45.0657
-43.2322
-40.6628
-33.6107
-40.552
-44.9407
-43.1694
-44.5254
-41.8186
-40.4807
-37.0093
-48.2411
-47.3767
-50.1949
-43.6817
-37.2188
-35.3771
-40.3222
-41.8499
-41.163
-43.2439
-45.253
-42.0632
-43.9735
-52.446
-52.615
-52.501
-52.6682
-48.2044
-51.5481
-42.7581
-40.9578
-40.2127
-44.9956
-46.3718
-44.8781
-43.5685
-48.8383
-37.5501
-47.1986
-51.9918
-42.996
-44.2808
-46.9589
-47.3785
-37.3353
-42.4171
-39.8583
-39.015
-48.9144
-47.8028
-45.1456
-50.8449
-53.5736
-49.4644
-41.7572
-43.0956
-47.8755
-49.3449
-43.865
-45.6217
-44.1934
-39.9375
-42.7888
-33.598
-38.8263
-37.0352
-43.2799
-43.4049
-45.2958
-44.1141
-50.4614
-38.1256
-34.8135
-38.2289
-37.4202
-28.3896
-38.1247
-40.4417
-29.2007
-32.0931
-45.2527
-46.7983
-47.0467
-50.2838
-43.5903
-47.1724
-44.0836
-46.9195
-42.0037
-42.7945
-48.587
-45.7006
-46.1617
-46.8743
-48.031
-52.0544
-52.9168
-55.7595
-49.1226
-47.0725
-43.6715
-43.9651
-45.7459
-42.8189
-37.9994
-37.3965
-35.1021
-36.1743
-39.0487
-35.9447
-40.6218
-41.8654
-48.5478
-40.4085
-43.6873
-40.3466
-46.4454
-48.3779
-48.7758
-43.943
-43.441
-36.6969
-37.6712
-32.1252
-38.9464
-42.0371
-44.3196
-38.909
-29.9201
-29.7978
-38.667
-42.2549
-40.2025
-35.1814
-34.2733
-34.0181
-37.8611
-45.3166
-51.9229
-48.8474
-50.3086
-44.0908
-45.4217
-40.844
-43.5678
-35.0904
-33.836
-31.4176
-36.1992
-40.2712
-34.7507
-35.1196
-39.3022
-37.5427
-39.9529
-43.0362
-40.5551
-41.0559
-43.4256
-51.3651
-45.7686
-44.2454
-45.9501
-53.1331
-50.8297
-48.2363
-49.1861
-50.3468
-46.9126
-43.7694
-46.3203
-48.414
-54.4724
-51.6275
-52.1461
-48.9726
-42.1395
-42.6693
-44.3535
-45.4078
-43.0922
-40.1054
-40.4243
-40.9803
-51.1472
-48.9648
-48.1362
-36.6142
-36.9018
-34.4092
-40.9413
-46.4203
-40.0565
-38.3116
-40.6688
-41.2868
-38.2788
-49.3402
-44.0977
-45.7813
-43.4788
-35.7996
-38.5146
-43.5646
-58.0899
-48.6243
-40.8095
-42.8191
-38.8207
-43.0005
-50.4995
-42.8479
-43.9136
-39.8841
-40.9202
-39.4822
-39.7237
-36.2175
-35.8693
-44.4306
-40.566
-44.9778
-42.6218
-40.1918
-36.9732
-37.4094
-38.8874
-43.0341
-42.583
-43.9618
-41.4613
-43.3567
-44.5991
-41.3175
-46.5831
-41.931
-46.4394
-49.5632
-51.6414
-43.5329
-47.647
-43.6992
-44.4935
-40.2531
-42.8035
-41.2969
-37.86
-40.7908
-42.2325
-34.2833
-35.6953
-32.2365
-42.2687
-43.4697
-41.7131
-45.6793
-46.3105
-44.8938
-43.8163
-45.831
-44.1524
-46.9902
-47.8273
-39.5243
-41.2926
-39.9204
-42.7968
-39.8196
-38.0147
-38.8605
-37.047
-36.8893
-31.5617
-39.3376
-38.5668
-48.2832
-51.5405
-39.9935
-38.4648
-41.8434
-45.3944
-42.7571
-46.9708
-49.8923
-58.1285
-43.3731
-46.7563
-41.9228
-49.7224
-54.3297
-47.1331
-50.7727
-48.8103
-49.469
-43.7571
-45.5857
-43.6402
-44.4055
-42.6039
-40.9073
-43.6476
-40.6459
-41.1738
-47.8132
-45.2621
-45.7645
-48.6022
-49.0733
-45.8364
-50.008
-49.8704
-52.8656
-46.8655
-51.7706
-45.2968
-54.5037
-52.8003
-62.5992
-53.4753
-45.148
-38.8385
-36.4499
-41.528
-35.211
-34.8358
-37.1642
-34.0302
-34.7013
-33.7019
-34.4051
-32.0547
-38.8669
-36.5905
-39.8805
-42.7871
-46.9456
-38.5934
-43.1313
-41.4262
-44.5584
-47.8192
-45.9167
-43.9996
-41.2097
-38.5424
-47.4527
-40.0279
-39.6623
-41.857
-40.9168
-42.8511
-37.1625
-44.1047
-46.0556
-46.2392
-43.4873
-47.7279
-47.328
-41.0326
-42.8501
-36.2525
-35.9668
-34.4996
-38.7273
-39.4479
-37.2933
-42.7901
-46.0995
-42.808
-39.1767
-36.1622
-41.8473
-36.798
-37.9163
-38.1606
-42.1519
-38.5787
-34.8092
-33.8756
-39.2345
-37.6966
-40.5242
-42.7141
-39.767
-45.9114
-52.9914
-58.3191
-52.6192
-53.8177
-51.5649
-52.3631
-45.0581
-45.711
-45.1763
-44.624
-45.5852
-39.1039
-39.7679
-33.6378
-41.3621
-46.5597
-44.7672
-52.1399
-50.8643
-49.6007
-45.1094
-45.9441
-41.2149
-45.8401
-40.9442
-38.426
-42.7673
-49.0251
-52.2359
-46.6014
-44.3231
-44.7788
-46.5122
-42.3532
-45.1367
-34.7335
-39.9278
-42.98
-42.2176
-42.2409
-46.5427
-45.2139
-43.3866
-47.1122
-41.5127
-47.0716
-40.2656
-39.5893
-33.9715
-40.4163
-46.1072
-44.3006
-42.3182
-46.3481
-46.3907
-45.5526
-45.8138
-48.5524
-54.4911
-44.8078
-38.3226
-34.5074
-40.2184
-39.9435
-38.9331
-44.5146
-47.9244
-38.0365
-42.5126
-46.2311
-42.4467
-44.9976
-43.9878
-37.8242
-40.2726
-41.3256
-36.8021
-39.9654
-39.1952
-48.2474
-52.7108
-57.2841
-59.1003
-58.9403
-53.1993
-48.6916
-46.3708
-47.8391
-46.3999
-45.2389
-48.8535
-38.013
-35.6141
-37.8364
-46.4163
-42.8817
-38.4168
-39.5381
-34.7667
-39.5139
-47.9153
-45.4627
-46.7384
-51.0003
-45.6271
-40.2525
-49.0024
-43.2559
-43.5422
-40.7312
-33.6144
-42.261
-43.8889
-43.3025
-46.8939
-45.6033
-44.2025
-43.3851
-44.4249
-42.8151
-42.9976
-44.0725
-34.1207
-33.6296
-38.676
-36.5935
-42.5922
-39.5844
-42.5418
-41.6118
-34.4089
-41.7102
-43.3304
-41.9379
-41.8924
-50.2568
-48.3066
-46.6511
-44.6169
-40.8713
-44.0913
-43.7127
-43.3997
-46.0135
-39.1264
-37.7238
-35.091
-37.697
-45.2328
-36.4556
-32.9907
-40.2244
-30.6166
-37.2675
-33.9955
-33.0109
-34.4182
-39.7788
-39.7189
-44.1471
-40.3267
