0
0
0
0
0.988558
2.01713
1.56788
1.16776
1.10259
1.07865
1.07759
1.01916
1.00259
0.958874
1.06327
0.989169
0.949995
0.952505
0.983548
0.978116
0.990914
0.962987
0.941472
0.96637
1.00929
0.964773
0.974166
0.972886
0.996523
0.984974
0
0
0
0
0.92478
2.25421
1.59573
1.20753
1.13764
1.09431
1.07012
1.03431
1.00825
1.01383
0.987327
1.00094
0.9777
0.983486
0.956686
0.943399
0.977171
0.966812
0.976863
0.963169
0.952534
1.00366
0.993806
0.986291
0.975698
1.00455
0
0
0
0
0.753739
2.03267
1.30749
1.18974
1.092
1.11846
1.006
1.00758
0.966392
1.01028
0.983964
1.00683
1.01385
0.989451
0.990263
0.975791
1.00171
0.995372
0.980472
0.982485
0.976296
1.00511
0.976097
0.981537
0.991517
0.990121
0
0
0
0
0.858103
2.10069
1.45648
1.22218
1.15964
1.05516
1.01616
1.09444
1.07348
1.04842
1.03441
0.975679
0.979648
1.01697
1.01248
0.98044
0.983762
0.9802
0.951367
0.99049
0.997308
0.959425
0.989273
0.971717
0.988686
0.974137
0
0
0
0
0.811719
2.26781
1.42028
1.10184
1.10422
1.11846
1.01348
1.02005
0.993917
1.04584
1.019
1.01688
1.0145
0.988489
0.991124
1.01283
0.978854
0.987722
0.975815
0.967544
0.996424
0.995138
1.00396
1.00305
0.989775
0.979082
0
0
0
0
0.782729
2.18814
1.43977
1.1709
1.0431
1.04341
1.03859
1.045
1.06103
1.04034
1.01703
1.00658
0.985925
0.994454
1.01265
0.97951
0.974086
1.00723
0.988737
0.994438
0.982187
0.996225
1.00749
0.981537
0.992024
0.993237
0
0
0
0
0.733446
1.97438
1.42724
1.13533
1.07163
1.08452
1.00494
1.00847
1.05236
1.00607
1.00666
1.01149
0.968176
0.979445
1.00008
0.990514
0.977171
0.993459
0.996421
0.973521
1.00114
0.993325
0.973914
0.996112
0.990718
0.996217
0
0
0
0
0.875497
2.00158
1.35205
1.07987
1.02844
0.999694
1.04714
0.978182
1.01051
0.999285
0.999378
0.97666
1.00822
0.969823
1.00197
1.00679
0.977592
0.980072
0.998517
1.00223
0.966771
0.979548
0.985329
0.995332
0.997249
0.986938
0
0
0
0
0.863901
2.01713
1.47041
1.18137
1.04962
1.05385
1.03272
0.997335
1.0222
0.983444
0.985365
0.974453
0.99415
0.971748
0.984236
0.980595
0.95894
0.960438
0.996072
1.00479
0.99505
0.981995
0.977188
1.01536
0.988469
1.0082
0
0
0
0
0.869699
2.00741
1.3423
1.15835
1.10096
1.03297
1.06531
0.994663
1.01088
1.02903
1.01619
1.01247
0.955839
1.01043
0.964779
0.98726
0.969318
0.989507
0.976048
0.989316
1.01145
0.974653
0.994141
0.988396
0.99558
0.984839
0
0
0
0
0.840709
2.14927
1.3423
1.17509
1.01458
1.07996
1.05676
0.98219
0.978835
1.00607
0.982843
0.963906
0.973588
0.955007
0.991985
0.976876
0.95894
0.98632
0.983964
0.992304
0.973154
0.990787
0.999009
0.975458
0.982736
0.989105
0
0
0
0
0.805921
2.06377
1.50661
1.12277
1.05125
1.02123
1.00066
0.9813
0.981474
0.972452
1.00274
0.993584
0.972938
0.99888
0.990952
0.98726
0.997085
0.979435
1.01062
1.01034
0.972074
0.986889
0.99775
0.997359
0.995362
0.987209
0
0
0
0
1.11032
2.18619
1.4342
1.18032
1.08222
1.21373
1.09416
1.02584
1.00146
1.03743
0.959582
0.999961
0.966661
0.999072
0.957891
0.963237
0.976891
0.959163
0.988621
0.975869
0.982973
0.998944
0.964934
0.959559
1.00821
0.978946
0
0
0
0
0.930578
2.0968
1.51218
1.30798
1.09852
1.12433
1.15506
1.09177
1.00825
1.01868
1.0033
1.01271
0.99112
1.00946
0.963057
1.00136
0.979836
0.97102
0.986991
0.972774
0.972368
0.986799
0.955954
0.974211
0.974827
0.984364
0
0
0
0
0.8668
1.88887
1.4342
1.14474
1.11319
1.05712
1.02364
1.0107
1.0237
1.00478
0.96883
0.985
0.961034
0.943269
0.964262
1.00756
0.968757
0.947433
0.978958
0.96605
0.971583
0.996225
0.97425
0.985668
0.994492
0.989918
0
0
0
0
0.745042
1.96466
1.40636
1.17404
1.07815
0.97033
0.977689
1.04767
0.96149
1.00995
0.966868
0.954586
0.979865
0.983101
0.934301
0.950993
0.969879
0.965792
0.9828
0.960927
0.998192
1.01399
0.971313
1.00383
0.994129
1.00434
0
0
0
0
0.716052
2.19591
1.35484
1.12277
1.06918
1.09758
1.05569
0.959473
1.02295
1.02579
1.01871
0.986226
0.992635
1.02563
1.00352
0.972691
0.974367
0.991292
0.969528
1.00084
0.964022
0.96432
0.967032
0.978342
0.992678
0.976305
0
0
0
0
0.730547
1.94328
1.28382
1.03487
1.00073
0.985991
1.0247
0.995554
0.982983
0.944972
0.942206
0.937663
0.954107
0.991183
0.939295
0.965872
0.971141
1.01386
0.974884
0.988142
0.975707
0.98834
1.00069
0.979199
1.00429
1.00936
0
0
0
0
0.805921
2.06765
1.49269
1.1573
1.11237
1.06234
1.02096
0.997781
1.02597
1.00413
0.970792
0.984509
0.975752
0.950773
0.981481
0.975171
0.995542
1.00264
0.995955
0.988355
0.968048
0.983626
1.0168
0.975848
0.991371
0.996014
0
0
0
0
1.02335
2.13956
1.4537
1.20648
1.1246
1.10932
1.03592
1.05302
1.032
1.05424
0.978078
0.988433
0.98744
1.00311
0.994396
0.970211
0.968056
1.00442
0.963475
0.987074
1.02068
0.980363
0.967284
0.981304
0.982736
0.988428
