0.828558
0.721091
0.849516
0.753165
0.84709
0.801792
0.768366
0.745501
0.78657
0.819727
0.836816
0.82927
0.829971
0.71805
0.756188
0.756675
0.846535
0.798777
0.807727
0.856229
0.755833
0.720818
0.840133
0.774228
0.823191
0.763193
0.83756
0.753994
0.77012
0.746062
0.832462
0.819745
0.829826
0.761153
0.769403
0.793029
0.779676
0.800297
0.771877
0.834297
0.825951
0.714371
0.815008
0.856057
0.709906
0.829332
0.782101
0.779825
0.793472
0.817961
0.733029
0.887785
0.701451
0.794143
0.818934
0.789667
0.765848
0.757522
0.820963
0.783423
0.77111
0.837444
0.825294
0.752401
0.761502
0.836616
0.827923
0.797444
0.682291
0.871314
0.764066
0.777068
0.776152
0.831426
0.761542
0.776451
0.785973
0.809002
0.784658
0.799651
0.787653
0.826622
0.714519
0.852013
0.747488
0.812347
0.841653
0.750134
0.767172
0.755179
0.839832
0.80104
0.785956
0.799888
0.737993
0.838513
0.795441
0.778288
0.844739
0.709543
