1.24284
1.08164
1.27427
1.12975
1.27063
1.20269
1.15255
1.11825
1.17986
1.22959
1.25522
1.2439
1.24496
1.07708
1.13428
1.13501
1.2698
1.19817
1.21159
1.28434
1.13375
1.08123
1.2602
1.16134
1.23479
1.14479
1.25634
1.13099
1.15518
1.11909
1.24869
1.22962
1.24474
1.14173
1.15411
1.18954
1.16951
1.20045
1.15782
1.25145
1.23893
1.07156
1.22251
1.28409
1.06486
1.244
1.17315
1.16974
1.19021
1.22694
1.09954
1.33168
1.05218
1.19122
1.2284
1.1845
1.14877
1.13628
1.23144
1.17513
1.15666
1.25617
1.23794
1.1286
1.14225
1.25492
1.24188
1.19617
1.02344
1.30697
1.1461
1.1656
1.16423
1.24714
1.14231
1.16468
1.17896
1.2135
1.17699
1.19948
1.18148
1.23993
1.07178
1.27802
1.12123
1.21852
1.26248
1.1252
1.15076
1.13277
1.25975
1.20156
1.17893
1.19983
1.10699
1.25777
1.19316
1.16743
1.26711
1.06431
