0
0
0
0
0
0
0
0
0
0
0
0
0.584435
3.97645
3.60123
1.23861
0.140692
0.0481063
0.309941
0.937664
0.778315
0.274119
0.366716
1.68621
2.59711
1.47743
0.440628
0.779369
1.00864
0.589237
0
0
0
0
0
0
0
0
0
0
0
0
0.659846
3.92796
3.60123
1.21408
0.151514
0.0673488
0.292722
0.891168
0.827398
0.293244
0.436567
1.50478
2.70511
1.45477
0.482593
0.771575
0.95059
0.670511
0
0
0
0
0
0
0
0
0
0
0
0
0.565583
4.15426
3.64327
1.05466
0.151514
0.0962126
0.318551
0.829174
0.827398
0.280494
0.273582
1.78226
2.67075
1.44118
0.423842
0.779369
0.979616
0.565532
0
0
0
0
0
0
0
0
0
0
0
0
0.678699
3.89563
3.64327
1.16503
0.140692
0.105834
0.284113
0.891168
0.841422
0.280494
0.366716
1.68088
2.51855
1.56807
0.495182
0.763782
0.888911
0.589237
0
0
0
0
0
0
0
0
0
0
0
0
0.509024
4.07344
3.76939
1.07918
0.129869
0.0769701
0.301332
0.821425
0.918552
0.26137
0.366716
1.60617
2.66093
1.51369
0.40286
0.849512
0.881654
0.59601
0
0
0
0
0
0
0
0
0
0
0
0
0.603288
3.8633
3.85346
1.1405
0.097402
0.0577276
0.318551
0.937664
0.743256
0.331493
0.314328
1.62218
2.70511
1.49556
0.423842
0.787163
0.965103
0.558759
0
0
0
0
0
0
0
0
0
0
0
0
0.659846
3.84713
3.85346
1.03013
0.194804
0.0769701
0.352989
0.76718
0.820386
0.350618
0.430746
1.57949
2.57747
1.42758
0.587504
0.717019
0.95059
0.650193
0
0
0
0
0
0
0
0
0
0
0
0
0.697552
4.00878
3.60123
1.05466
0.238094
0.0673488
0.421865
0.774929
0.694173
0.369742
0.459851
1.60617
2.49892
1.50463
0.574915
0.755988
0.917936
0.687443
0
0
0
0
0
0
0
0
0
0
0
0
0.622141
3.96028
3.64327
1.21408
0.108224
0.0769701
0.370208
0.852422
0.72222
0.344243
0.378358
1.6542
2.58729
1.50009
0.499379
0.767678
0.899795
0.714535
0
0
0
0
0
0
0
0
0
0
0
0
0.565583
3.96028
3.81142
1.16503
0.0649347
0.0481063
0.439084
0.774929
0.785327
0.331493
0.343433
1.67554
2.63147
1.47743
0.470004
0.709226
0.986872
0.612942
0
0
0
0
0
0
0
0
0
0
0
0
0.509024
4.04111
3.82544
1.06692
0.129869
0.0288638
0.266894
0.960912
0.848434
0.254995
0.296866
1.56348
2.92604
1.40039
0.390271
0.717019
1.02315
0.535054
0
0
0
0
0
0
0
0
0
0
0
0
0.452466
3.94412
4.06365
0.932022
0.151514
0.0192425
0.292722
0.937664
0.876481
0.267744
0.302687
1.54747
2.86713
1.40945
0.461611
0.724813
0.990501
0.5486
0
0
0
0
0
0
0
0
0
0
0
0
0.490172
4.05727
3.71334
1.1405
0.151514
0.0577276
0.292722
0.929915
0.75728
0.337868
0.378358
1.69688
2.49892
1.51822
0.499379
0.783266
0.878026
0.677284
0
0
0
0
0
0
0
0
0
0
0
0
0.603288
3.96028
3.50315
1.25087
0.216449
0.125076
0.352989
0.898918
0.596007
0.376117
0.419105
1.7289
2.40564
1.4865
0.587504
0.736504
0.936077
0.704375
0
0
0
0
0
0
0
0
0
0
0
0
0.565583
4.07344
3.62926
1.06692
0.183982
0.134698
0.378817
0.782678
0.694173
0.395242
0.448209
1.64886
2.41546
1.49103
0.621076
0.744297
0.921565
0.714535
0
0
0
0
0
0
0
0
0
0
0
0
0.640994
4.02494
3.53117
1.1405
0.205627
0.0865914
0.361598
0.844673
0.792339
0.318743
0.395821
1.55281
2.71002
1.40492
0.54554
0.689742
0.994129
0.673897
0
0
0
0
0
0
0
0
0
0
0
0
0.54673
4.10576
3.6713
1.11597
0.129869
0.0384851
0.352989
0.914416
0.799351
0.267744
0.302687
1.63819
2.80821
1.38226
0.440628
0.755988
1.02315
0.535054
0
0
0
0
0
0
0
0
0
0
0
0
0.678699
3.70165
4.03562
1.03013
0.108224
0.0865914
0.292722
0.883419
0.862457
0.242245
0.314328
1.77159
2.4891
1.5862
0.419646
0.763782
1.00864
0.582464
0
0
0
0
0
0
0
0
0
0
0
0
0.490172
4.04111
3.71334
1.17729
0.108224
0.0962126
0.33577
0.759431
0.890505
0.305994
0.32597
1.68621
2.67075
1.39586
0.478396
0.732607
1.05944
0.575691
0
0
0
0
0
0
0
0
0
0
0
0
0.527877
4.15426
3.74136
1.06692
0.0865796
0.0481063
0.361598
0.790428
0.897517
0.280494
0.355075
1.71289
2.68548
1.30069
0.541343
0.740401
0.97236
0.640033
0
0
0
0
0
0
0
0
0
0
0
0
0.54673
4.21892
3.40506
1.25087
0.119047
0.105834
0.352989
0.929915
0.631066
0.337868
0.477313
1.71823
2.42527
1.47743
0.524558
0.779369
0.925193
0.660352
0
0
0
0
0
0
0
0
0
0
0
0
0.678699
4.23508
3.36302
1.06692
0.238094
0.0481063
0.404646
0.937664
0.596007
0.395242
0.378358
1.7289
2.45964
1.42758
0.60429
0.830028
0.834488
0.68067
0
0
0
0
0
0
0
0
0
0
0
0
0.527877
4.05727
3.81142
1.03013
0.151514
0.0288638
0.456303
0.751681
0.813374
0.318743
0.372537
1.58483
2.67075
1.4865
0.428039
0.806647
0.975988
0.579078
0
0
0
0
0
0
0
0
0
0
0
0
0.659846
3.96028
3.69932
1.11597
0.140692
0.0673488
0.378817
0.836923
0.750268
0.325118
0.372537
1.67554
2.57747
1.51369
0.457414
0.771575
0.975988
0.589237
0
0
0
0
0
0
0
0
0
0
0
0
0.527877
4.10576
3.69932
1.06692
0.173159
0
0.309941
0.960912
0.792339
0.312369
0.355075
1.62218
2.65111
1.45477
0.449021
0.810544
0.957847
0.545214
0
0
0
0
0
0
0
0
0
0
0
0
0.697552
3.94412
3.65728
1.11597
0.151514
0.0384851
0.404646
0.805926
0.820386
0.331493
0.413284
1.57415
2.62165
1.46384
0.524558
0.740401
0.936077
0.616328
0
0
0
0
0
0
0
0
0
0
0
0
0.490172
3.89563
3.72735
1.23861
0.151514
0.0769701
0.361598
0.798177
0.820386
0.325118
0.407463
1.62218
2.60201
1.41852
0.507772
0.806647
0.907052
0.660352
0
0
0
0
0
0
0
0
0
0
0
0
0.640994
4.10576
3.34901
1.31219
0.151514
0.125076
0.344379
0.821425
0.659114
0.452616
0.366716
1.73424
2.46455
1.50009
0.541343
0.689742
0.97236
0.72808
0
0
0
0
0
0
0
0
0
0
0
0
0.678699
4.10576
3.4471
1.15276
0.194804
0.0962126
0.439084
0.720684
0.694173
0.407992
0.488955
1.64886
2.42527
1.46837
0.562326
0.783266
0.917936
0.724694
0
0
0
0
0
0
0
0
0
0
0
0
0.603288
3.94412
3.79741
1.01787
0.205627
0.0769701
0.361598
0.829174
0.729232
0.325118
0.483134
1.70222
2.43018
1.46837
0.54554
0.822234
0.896167
0.64342
0
0
0
0
0
0
0
0
0
0
0
0
0.509024
4.10576
3.7834
0.993339
0.183982
0.0384851
0.292722
0.922166
0.841422
0.24862
0.331791
1.63819
2.69039
1.42758
0.516165
0.709226
1.05581
0.541827
0
0
0
0
0
0
0
0
0
0
0
0
0.54673
4.00878
3.7834
1.12824
0.0865796
0.0384851
0.33577
0.852422
0.869469
0.254995
0.320149
1.69155
2.72475
1.3732
0.486789
0.740401
1.03041
0.518122
0
0
0
0
0
0
0
0
0
0
0
0
0.54673
3.83097
4.09167
0.956548
0.108224
0.0962126
0.32716
0.782678
0.83441
0.382492
0.32597
1.65953
2.57256
1.53635
0.453218
0.763782
0.983244
0.5486
0
0
0
0
0
0
0
0
0
0
0
0
0.791816
3.71782
3.72735
1.17729
0.151514
0.0865914
0.370208
0.782678
0.771303
0.356993
0.39
1.81961
2.26326
1.60886
0.490986
0.763782
0.965103
0.697602
0
0
0
0
0
0
0
0
0
0
0
0
0.659846
4.00878
3.61525
1.1405
0.151514
0.0962126
0.378817
0.743932
0.813374
0.363367
0.395821
1.61684
2.56274
1.41399
0.54554
0.794956
0.994129
0.653579
0
0
0
0
0
0
0
0
0
0
0
0
0.603288
4.20275
3.53117
1.03013
0.227271
0.0962126
0.284113
0.906667
0.708197
0.382492
0.401642
1.61684
2.58729
1.45477
0.461611
0.771575
1.07758
0.535054
0
0
0
0
0
0
0
0
0
0
0
0
0.659846
3.97645
3.60123
1.17729
0.162337
0.0769701
0.387427
0.782678
0.736244
0.344243
0.471493
1.63285
2.46946
1.56354
0.4742
0.740401
1.00501
0.646806
0
0
0
0
0
0
0
0
0
0
0
0
0.716405
3.89563
3.71334
1.07918
0.162337
0.0481063
0.456303
0.759431
0.799351
0.318743
0.372537
1.64886
2.62165
1.45477
0.453218
0.845615
0.925193
0.602783
0
0
0
0
0
0
0
0
0
0
0
0
0.622141
3.83097
3.76939
1.15276
0.162337
0.0673488
0.344379
0.798177
0.785327
0.427116
0.320149
1.60617
2.72966
1.36413
0.511968
0.806647
0.87077
0.660352
0
0
0
0
0
0
0
0
0
0
0
0
0.622141
3.78248
4.0076
1.09145
0.0649347
0.0481063
0.33577
0.898918
0.806363
0.286869
0.337612
1.64352
2.67075
1.46384
0.436432
0.798853
0.994129
0.606169
0
0
0
0
0
0
0
0
0
0
0
0
0.565583
4.0896
3.6713
1.10371
0.140692
0.0769701
0.32716
0.852422
0.820386
0.312369
0.360896
1.60617
2.66093
1.4865
0.394467
0.861203
0.939706
0.636647
0
0
0
0
0
0
0
0
0
0
0
0
0.791816
3.83097
3.54518
1.22634
0.183982
0.0962126
0.318551
0.720684
0.876481
0.395242
0.442388
1.59016
2.42036
1.55901
0.528754
0.787163
0.892539
0.707762
0
0
0
0
0
0
0
0
0
0
0
0
0.509024
4.05727
3.72735
1.06692
0.194804
0.0384851
0.396036
0.821425
0.806363
0.305994
0.395821
1.71289
2.57747
1.42305
0.490986
0.814441
0.863513
0.700989
0
0
0
0
0
0
0
0
0
0
0
0
0.527877
3.99261
3.90951
1.01787
0.097402
0.125076
0.301332
0.805926
0.841422
0.312369
0.407463
1.56348
2.65602
1.44118
0.482593
0.748194
1.02315
0.673897
0
0
0
0
0
0
0
0
0
0
0
0
0.735257
3.65316
3.82544
1.15276
0.162337
0.105834
0.33577
0.798177
0.785327
0.388867
0.401642
1.68621
2.45473
1.4865
0.54554
0.775472
0.91068
0.653579
0
0
0
0
0
0
0
0
0
0
0
0
0.584435
4.13809
3.54518
1.16503
0.140692
0.0865914
0.344379
0.829174
0.841422
0.26137
0.448209
1.64352
2.58238
1.40945
0.54554
0.794956
0.863513
0.697602
0
0
0
0
0
0
0
0
0
0
0
0
0.640994
3.87946
3.72735
1.12824
0.173159
0.0962126
0.33577
0.829174
0.736244
0.356993
0.419105
1.65953
2.5431
1.39586
0.566522
0.783266
0.954219
0.63326
0
0
0
0
0
0
0
0
0
0
0
0
0.678699
3.92796
3.82544
1.01787
0.0865796
0.144319
0.33577
0.844673
0.778315
0.318743
0.401642
1.66487
2.63638
1.34147
0.486789
0.833925
0.892539
0.72808
0
0
0
0
0
0
0
0
0
0
0
0
0.640994
3.89563
3.72735
1.12824
0.140692
0.0673488
0.439084
0.774929
0.72222
0.382492
0.343433
1.71289
2.53819
1.51822
0.486789
0.724813
0.986872
0.629874
0
0
0
0
0
0
0
0
0
0
0
0
0.565583
3.91179
3.76939
1.20182
0.0865796
0.0481063
0.456303
0.728433
0.841422
0.280494
0.355075
1.7289
2.52346
1.50463
0.503575
0.744297
0.928821
0.707762
0
0
0
0
0
0
0
0
0
0
0
0
0.678699
3.97645
3.4471
1.33672
0.119047
0.0865914
0.413255
0.712935
0.83441
0.331493
0.343433
1.7289
2.46946
1.50916
0.574915
0.744297
0.885283
0.731467
0
0
0
0
0
0
0
0
0
0
0
0
0.395908
4.21892
3.71334
1.09145
0.140692
0.0865914
0.352989
0.813676
0.72222
0.382492
0.39
1.69155
2.51855
1.50916
0.528754
0.72871
0.928821
0.677284
0
0
0
0
0
0
0
0
0
0
0
0
0.716405
3.92796
3.43308
1.33672
0.129869
0.163561
0.33577
0.689687
0.83441
0.325118
0.535522
1.5955
2.50874
1.34147
0.663041
0.794956
0.867142
0.697602
0
0
0
0
0
0
0
0
0
0
0
0
0.490172
4.0896
3.72735
1.03013
0.205627
0.0865914
0.361598
0.813676
0.771303
0.331493
0.442388
1.70756
2.53328
1.40945
0.516165
0.79106
0.917936
0.619715
0
0
0
0
0
0
0
0
0
0
0
0
0.471319
4.10576
3.79741
1.06692
0.119047
0.0577276
0.439084
0.751681
0.785327
0.337868
0.366716
1.71289
2.50383
1.49556
0.516165
0.701432
1.04492
0.612942
0
0
0
0
0
0
0
0
0
0
0
0
0.603288
3.91179
3.69932
1.15276
0.162337
0.105834
0.370208
0.829174
0.72222
0.331493
0.448209
1.63819
2.47437
1.55448
0.503575
0.748194
0.896167
0.738239
0
0
0
0
0
0
0
0
0
0
0
0
0.716405
4.02494
3.51716
1.05466
0.248916
0.0865914
0.439084
0.774929
0.708197
0.356993
0.541343
1.56882
2.4891
1.49556
0.541343
0.794956
0.878026
0.741626
0
0
0
0
0
0
0
0
0
0
0
0
0.904932
3.70165
3.72735
1.11597
0.140692
0.144319
0.344379
0.790428
0.694173
0.420741
0.436567
1.54747
2.62165
1.45477
0.516165
0.705329
1.05581
0.660352
0
0
0
0
0
0
0
0
0
0
0
0
0.603288
3.8633
3.99359
0.981075
0.129869
0.115455
0.301332
0.813676
0.806363
0.363367
0.314328
1.63819
2.61674
1.48197
0.516165
0.806647
0.859885
0.670511
0
0
0
0
0
0
0
0
0
0
0
0
0.640994
3.99261
3.69932
1.11597
0.140692
0.0192425
0.378817
0.813676
0.83441
0.318743
0.430746
1.76625
2.25344
1.60886
0.562326
0.713123
0.965103
0.619715
0
0
0
0
0
0
0
0
0
0
0
0
0.490172
4.13809
3.48913
1.32445
0.097402
0.0384851
0.352989
0.782678
0.91154
0.293244
0.355075
1.62751
2.52837
1.55448
0.495182
0.736504
0.990501
0.535054
0
0
0
0
0
0
0
0
0
0
0
0.0222719
0.471319
4.21892
3.50315
1.25087
0.097402
0.0577276
0.318551
0.836923
0.827398
0.337868
0.360896
1.55281
2.72475
1.48197
0.436432
0.705329
1.07758
0.521509
0
0
0
0
0
0
0
0
0
0
0
0
0.527877
4.05727
3.72735
1.09145
0.140692
0.0769701
0.370208
0.852422
0.715209
0.356993
0.430746
1.58483
2.63147
1.42758
0.553933
0.748194
0.968731
0.650193
0
0
0
0
0
0
0
0
0
0
0
0
0.716405
3.83097
3.71334
1.10371
0.183982
0.134698
0.352989
0.798177
0.75728
0.344243
0.442388
1.76092
2.38109
1.43665
0.574915
0.810544
0.867142
0.77549
0
0
0
0
0
0
0
0
0
0
0
0
0.678699
3.66932
3.88149
1.18955
0.097402
0.125076
0.404646
0.712935
0.771303
0.363367
0.488955
1.62218
2.39582
1.59073
0.495182
0.798853
0.954219
0.653579
0
0
0
0
0
0
0
0
0
0
0
0
0.54673
3.92796
3.8955
1.05466
0.119047
0.0481063
0.370208
0.867921
0.792339
0.325118
0.308507
1.64352
2.6462
1.45024
0.4742
0.798853
0.943334
0.612942
0
0
0
0
0
0
0
0
0
0
0
0
0.527877
4.12193
3.71334
1.09145
0.108224
0.0481063
0.352989
0.852422
0.83441
0.305994
0.395821
1.58483
2.69039
1.39133
0.503575
0.775472
0.979616
0.551986
0
0
0
0
0
0
0
0
0
0
0
0
0.565583
4.13809
3.46111
1.21408
0.151514
0.0962126
0.361598
0.836923
0.778315
0.318743
0.465672
1.61684
2.56765
1.33694
0.608487
0.763782
0.925193
0.707762
0
0
0
0
0
0
0
0
0
0
0
0
0.829521
3.89563
3.37703
1.26313
0.194804
0.0962126
0.378817
0.774929
0.75728
0.350618
0.523881
1.61151
2.386
1.52275
0.570719
0.775472
0.954219
0.650193
0
0
0
0
0
0
0
0
0
0
0
0
0.452466
4.00878
3.88149
1.04239
0.140692
0.105834
0.378817
0.751681
0.799351
0.363367
0.39
1.71289
2.43509
1.53182
0.482593
0.814441
0.896167
0.646806
0
0
0
0
0
0
0
0
0
0
0
0
0.716405
3.8633
3.69932
1.1405
0.140692
0.134698
0.361598
0.836923
0.694173
0.363367
0.45403
1.63285
2.42036
1.57714
0.528754
0.771575
0.878026
0.751785
0
0
0
0
0
0
0
0
0
0
0
0
0.527877
4.20275
3.47512
1.16503
0.162337
0.0865914
0.421865
0.798177
0.701185
0.363367
0.488955
1.68088
2.35654
1.50009
0.637862
0.759885
0.859885
0.670511
0
0
0
0
0
0
0
0
0
0
0
0
0.490172
4.33207
3.32098
1.17729
0.205627
0.0577276
0.421865
0.829174
0.736244
0.325118
0.430746
1.73957
2.55783
1.33241
0.53295
0.794956
0.990501
0.562146
0
0
0
0
0
0
0
0
0
0
0
0
0.527877
4.20275
3.6713
1.04239
0.108224
0.125076
0.284113
0.821425
0.855446
0.325118
0.378358
1.6542
2.54801
1.45024
0.516165
0.794956
0.965103
0.63326
0
0
0
0
0
0
0
0
0
0
0
0
0.75411
3.99261
3.54518
1.16503
0.119047
0.0962126
0.33577
0.790428
0.799351
0.401617
0.407463
1.63285
2.4891
1.45024
0.587504
0.767678
0.888911
0.667125
0
0
0
0
0
0
0
0
0
0
0
0
0.622141
4.13809
3.41907
1.21408
0.162337
0.0962126
0.387427
0.743932
0.813374
0.350618
0.436567
1.68088
2.45473
1.43665
0.595897
0.775472
0.896167
0.646806
0
0
0
0
0
0
0
0
0
0
0
0
0.603288
4.0896
3.57321
1.15276
0.151514
0.0481063
0.378817
0.774929
0.855446
0.312369
0.39
1.76092
2.40073
1.51822
0.549736
0.755988
0.892539
0.623101
0
0
0
0
0
0
0
0
0
0
0
0
0.527877
4.20275
3.51716
1.15276
0.129869
0.0769701
0.309941
0.906667
0.785327
0.293244
0.308507
1.6542
2.78857
1.33694
0.507772
0.787163
0.95059
0.555373
0
0
0
0
0
0
0
0
0
0
0
0
0.659846
3.89563
3.7834
1.11597
0.097402
0.0769701
0.309941
0.914416
0.792339
0.267744
0.413284
1.66487
2.62165
1.43665
0.511968
0.752091
0.91068
0.636647
0
0
0
0
0
0
0
0
0
0
0
0
0.565583
4.04111
3.68531
1.12824
0.151514
0.0577276
0.413255
0.751681
0.813374
0.331493
0.372537
1.69155
2.61183
1.40039
0.511968
0.806647
0.899795
0.656965
0
0
0
0
0
0
0
0
0
0
0
0
0.659846
3.78248
3.8955
1.11597
0.097402
0.0673488
0.318551
0.867921
0.813374
0.325118
0.401642
1.5368
2.71493
1.42758
0.4742
0.79106
0.921565
0.63326
0
0
0
0
0
0
0
0
0
0
0
0
0.603288
4.0896
3.64327
1.05466
0.183982
0.0384851
0.344379
0.898918
0.785327
0.286869
0.355075
1.73957
2.55292
1.45024
0.503575
0.720916
1.0159
0.606169
0
0
0
0
0
0
0
0
0
0
0
0
0.75411
3.83097
3.71334
1.11597
0.151514
0.0769701
0.33577
0.87567
0.771303
0.299619
0.401642
1.64886
2.6462
1.39133
0.499379
0.857306
0.87077
0.636647
0
0
0
0
0
0
0
0
0
0
0
0
0.640994
4.02494
3.6713
1.09145
0.140692
0.0962126
0.361598
0.751681
0.83441
0.344243
0.378358
1.64886
2.58238
1.45931
0.503575
0.787163
0.899795
0.673897
0
0
0
0
0
0
0
0
0
0
0
0
0.640994
3.89563
3.72735
1.07918
0.205627
0.0577276
0.352989
0.805926
0.876481
0.26137
0.413284
1.63285
2.58729
1.43211
0.528754
0.752091
0.986872
0.602783
0
0
0
0
0
0
0
0
0
0
0
0
0.640994
3.83097
3.86747
1.04239
0.173159
0.0577276
0.292722
0.945414
0.827398
0.267744
0.32597
1.61684
2.71493
1.45931
0.432235
0.744297
1.03041
0.572305
0
0
0
0
0
0
0
0
0
0
0
0
0.527877
4.07344
3.75537
1.01787
0.183982
0.0481063
0.378817
0.782678
0.890505
0.254995
0.366716
1.68088
2.58729
1.49556
0.461611
0.806647
0.892539
0.619715
0
0
0
0
0
0
0
0
0
0
0
0
0.716405
3.8633
3.75537
1.04239
0.173159
0.0865914
0.464912
0.697436
0.820386
0.305994
0.430746
1.62751
2.52837
1.4729
0.54554
0.755988
0.961475
0.606169
0
0
0
0
0
0
0
0
0
0
0
0
0.640994
4.12193
3.51716
1.07918
0.216449
0.0865914
0.404646
0.712935
0.75728
0.401617
0.430746
1.70222
2.47928
1.40492
0.566522
0.787163
0.954219
0.640033
0
0
0
0
0
0
0
0
0
0
0
0
0.659846
4.00878
3.60123
1.10371
0.173159
0.0769701
0.413255
0.774929
0.764292
0.376117
0.436567
1.68088
2.41546
1.46384
0.558129
0.806647
0.921565
0.606169
0
0
0
0
0
0
0
0
0
0
0
0.0222719
0.471319
4.20275
3.64327
1.10371
0.129869
0.0384851
0.344379
0.999659
0.624055
0.350618
0.459851
1.56348
2.62656
1.41399
0.53295
0.794956
0.939706
0.64342
0
0
0
0
0
0
0
0
0
0
0
0
0.584435
3.91179
3.74136
1.17729
0.140692
0.0288638
0.309941
0.883419
0.876481
0.242245
0.360896
1.63819
2.64129
1.42305
0.520361
0.814441
0.95059
0.535054
0
0
0
0
0
0
0
0
0
0
0
0
0.659846
4.05727
3.62926
0.981075
0.248916
0.0673488
0.352989
0.860171
0.792339
0.280494
0.360896
1.73424
2.53819
1.45024
0.53295
0.806647
0.885283
0.589237
0
0
0
0
0
0
0
0
0
0
0
0
0.697552
4.02494
3.53117
1.15276
0.173159
0.0577276
0.387427
0.852422
0.694173
0.401617
0.355075
1.6702
2.62165
1.39586
0.524558
0.80275
0.867142
0.629874
0
0
0
0
0
0
0
0
0
0
0
0
0.640994
3.97645
3.74136
1.05466
0.140692
0.0865914
0.301332
0.883419
0.785327
0.363367
0.378358
1.68088
2.59711
1.39133
0.528754
0.787163
0.867142
0.670511
0
0
0
0
0
0
0
0
0
0
0
0
0.509024
4.0896
3.81142
0.968812
0.183982
0.0577276
0.318551
0.867921
0.83441
0.293244
0.355075
1.57949
2.78857
1.38679
0.465807
0.80275
0.939706
0.59601
0
0
0
0
0
0
0
0
0
0
0
0
0.697552
3.91179
3.62926
1.20182
0.119047
0.0769701
0.370208
0.798177
0.820386
0.299619
0.459851
1.60083
2.57747
1.43211
0.558129
0.736504
0.968731
0.653579
0
0
0
0
0
0
0
0
0
0
0
0
0.584435
4.05727
3.60123
1.1405
0.151514
0.125076
0.352989
0.844673
0.729232
0.337868
0.384179
1.68088
2.58729
1.38226
0.537147
0.849512
0.932449
0.572305
0
0
0
0
0
0
0
0
0
0
0
0
0.54673
4.05727
3.72735
1.11597
0.119047
0.0673488
0.396036
0.736183
0.883493
0.293244
0.39
1.67554
2.52837
1.49556
0.516165
0.779369
0.932449
0.636647
0
0
0
0
0
0
0
0
0
0
0
0.0222719
0.678699
3.94412
3.65728
1.03013
0.238094
0.0769701
0.344379
0.805926
0.813374
0.337868
0.459851
1.70222
2.40073
1.44571
0.553933
0.818337
0.87077
0.673897
