-6.67239
-6.59242
-6.75736
-6.6082
-6.76277
-6.68534
-6.60516
-6.62645
-6.64607
-6.73025
-6.72463
-6.72088
-6.71463
-6.54948
-6.62318
-6.62767
-6.76656
-6.68587
-6.702
-6.75207
-6.61432
-6.57972
-6.75473
-6.64306
-6.71677
-6.62465
-6.74561
-6.6084
-6.63635
-6.60918
-6.73876
-6.72628
-6.73366
-6.58762
-6.67046
-6.67076
-6.65534
-6.67188
-6.65223
-6.74464
-6.70574
-6.56965
-6.69911
-6.77048
-6.56162
-6.73276
-6.63574
-6.68122
-6.66161
-6.72783
-6.563
-6.81897
-6.52957
-6.69572
-6.72219
-6.64007
-6.6548
-6.6186
-6.71594
-6.63529
-6.67701
-6.73037
-6.70073
-6.61657
-6.63375
-6.76341
-6.72516
-6.6489
-6.53176
-6.80089
-6.63244
-6.63053
-6.67175
-6.73291
-6.62606
-6.63721
-6.67726
-6.68904
-6.66052
-6.6735
-6.68089
-6.71987
-6.58865
-6.7241
-6.63782
-6.67496
-6.77647
-6.58838
-6.63519
-6.61246
-6.7553
-6.68299
-6.67377
-6.67557
-6.59323
-6.72799
-6.67047
-6.68778
-6.74347
-6.53784
