-5.42955
-5.51079
-5.48309
-5.47845
-5.49214
-5.48265
-5.45261
-5.5082
-5.46621
-5.50066
-5.4694
-5.47698
-5.46967
-5.47241
-5.4889
-5.49265
-5.49675
-5.4877
-5.49041
-5.46772
-5.48057
-5.49849
-5.49453
-5.48172
-5.48199
-5.47986
-5.48927
-5.47741
-5.48117
-5.49009
-5.49006
-5.49667
-5.48892
-5.44589
-5.51635
-5.48122
-5.48582
-5.47143
-5.49442
-5.49319
-5.46682
-5.49809
-5.47659
-5.48639
-5.49676
-5.48876
-5.46259
-5.51148
-5.47141
-5.50089
-5.46346
-5.48729
-5.4774
-5.50451
-5.49379
-5.45557
-5.50603
-5.48232
-5.48449
-5.46015
-5.52035
-5.47421
-5.46279
-5.48796
-5.4915
-5.50849
-5.48328
-5.45273
-5.50833
-5.49392
-5.48634
-5.46493
-5.50752
-5.48577
-5.48374
-5.47254
-5.4983
-5.47553
-5.48353
-5.47403
-5.49941
-5.47993
-5.51687
-5.44608
-5.51659
-5.45644
-5.51399
-5.46318
-5.48443
-5.47969
-5.49555
-5.48143
-5.49484
-5.47574
-5.48624
-5.47022
-5.47731
-5.52035
-5.47637
-5.47352
