8.76037
9.15404
8.39895
9.16492
8.36998
8.69333
9.12171
9.00827
8.85092
8.45543
8.56404
8.57415
8.55861
9.30736
8.98877
9.0026
8.32789
8.67674
8.65924
8.40307
9.0503
9.22224
8.37242
8.91423
8.54788
9.02335
8.43457
9.0732
8.94663
9.0185
8.44251
8.5551
8.46157
9.12544
8.71897
8.80482
8.78775
8.75662
8.88012
8.38069
8.60289
9.21785
8.63306
8.2792
9.26697
8.47414
8.94038
8.70367
8.84808
8.42259
9.24593
8.03507
9.43884
8.66215
8.49046
8.91342
8.81297
8.94098
8.53211
8.97354
8.75338
8.45677
8.61551
9.01006
8.87202
8.31232
8.51216
8.92073
9.39422
8.08425
8.94543
8.95616
8.79659
8.48392
8.96189
8.96734
8.76659
8.73592
8.88068
8.79558
8.72143
8.56006
9.15876
8.55695
8.95943
8.75824
8.27728
9.19279
8.98202
9.11684
8.32513
8.78614
8.82556
8.80863
9.16117
8.51783
8.86071
8.75598
8.45725
9.42797
