-6.36316
-6.3584
-6.35031
-6.3386
-6.32176
-6.29923
-6.2703
-6.23466
-6.19314
-6.14472
-6.08824
-6.02346
-5.95406
-5.87828
-5.79976
-5.72215
-5.65068
-5.58808
-5.53718
-5.50001
-5.47587
-5.46569
-5.46614
-5.47298
-5.48782
-5.50505
-5.52295
-5.54087
-5.55649
-5.56984
-5.58034
-5.58842
-5.59467
-5.59875
-5.60133
-5.60266
-5.60271
-5.60182
-5.60023
-5.59821
-5.59269
-5.58604
-5.57534
-5.56291
-5.54907
-5.53394
-5.51971
-5.50557
-5.49313
-5.48443
-5.47948
-5.47713
-5.47826
-5.48258
-5.48986
-5.49865
-5.50847
-5.51801
-5.5275
-5.535
-5.53954
-5.54293
-5.54463
-5.54448
-5.54222
-5.53952
-5.53592
-5.53284
-5.53103
-5.53011
-5.531
-5.53301
-5.53838
-5.54442
-5.55149
-5.55894
-5.56569
-5.57116
-5.57694
-5.58004
-5.58279
-5.58507
-5.58765
-5.5893
-5.592
-5.5941
-5.59729
-5.60015
-5.60286
-5.60465
-5.60556
-5.60552
-5.60411
-5.60152
-5.59885
-5.59724
-5.59353
-5.5897
-5.58674
-5.58502
-5.58392
-5.58408
-5.58434
-5.58424
-5.58303
-5.58154
-5.57971
-5.57525
-5.57075
-5.56536
-5.55906
-5.55305
-5.54411
-5.53401
-5.52227
-5.51045
-5.49698
-5.48464
-5.47279
-5.46449
-5.45852
-5.45486
-5.45509
-5.45713
-5.46087
-5.46539
-5.47004
-5.47412
-5.47779
-5.48249
-5.48756
-5.49206
-5.49774
-5.50367
-5.51058
-5.51813
-5.52549
-5.53274
-5.53893
-5.54316
-5.54825
-5.55246
-5.55613
-5.5611
-5.56471
-5.56734
-5.56817
-5.56881
-5.56805
-5.56558
-5.56351
-5.55871
-5.55498
-5.55371
-5.55168
-5.55347
-5.55825
-5.56674
-5.57824
-5.59121
-5.60556
-5.62133
-5.63483
-5.64513
-5.65292
-5.65668
-5.65764
-5.65532
-5.65062
-5.64441
-5.63557
-5.62692
-5.61894
-5.61199
-5.60632
-5.60211
-5.60032
-5.59978
-5.59929
-5.60025
-5.60098
-5.60164
-5.60193
-5.60121
-5.60083
-5.59882
-5.59718
-5.59515
-5.59266
-5.59117
-5.59052
-5.59256
-5.59581
-5.59955
-5.60515
-5.61087
-5.61691
-5.62234
-5.62617
-5.62902
-5.62992
-5.63049
-5.6303
-5.62914
-5.62721
-5.62571
-5.62544
-5.62606
-5.62667
-5.62756
-5.62866
-5.62925
-5.62993
-5.62987
-5.62949
-5.62708
-5.62461
-5.62129
-5.61779
-5.61371
-5.61016
-5.60649
-5.60233
-5.5985
-5.59509
-5.58946
-5.58229
-5.57466
-5.56644
-5.55823
-5.5526
-5.54996
-5.54911
-5.54918
-5.55032
-5.55209
-5.55476
-5.55863
-5.5631
-5.56871
-5.5775
-5.58962
-5.60299
-5.61747
-5.63225
-5.64477
-5.65577
-5.66334
-5.66672
-5.66693
-5.66322
-5.65606
-5.64686
-5.63567
-5.62407
-5.61348
-5.60403
-5.59629
-5.5904
-5.58454
-5.57993
-5.57718
-5.57525
-5.57521
-5.57576
-5.57788
-5.58062
-5.58406
-5.58761
-5.58937
-5.59087
-5.59166
-5.59244
-5.59402
-5.59629
-5.60267
-5.61061
-5.6182
-5.62649
-5.63515
-5.6421
-5.64641
-5.64945
-5.65118
-5.65089
-5.64919
-5.64581
-5.63989
-5.63319
-5.62521
-5.61542
-5.60531
-5.59483
-5.58312
-5.57281
-5.5639
-5.55653
-5.54964
-5.54443
-5.54077
-5.53826
-5.53611
-5.53489
-5.53582
-5.53926
-5.54249
-5.54912
-5.55539
-5.56166
-5.56644
-5.56888
-5.57193
-5.57433
-5.57792
-5.58279
-5.59022
-5.59903
-5.60673
-5.61281
-5.61364
-5.61163
-5.6076
-5.6037
-5.5988
-5.59789
-5.59847
-5.60033
-5.60376
-5.60789
-5.61244
-5.61453
-5.61504
-5.61294
-5.60888
-5.603
-5.59465
-5.58611
-5.57806
-5.57023
-5.56334
-5.55867
-5.55698
-5.55746
-5.56064
-5.56624
-5.57269
-5.58074
-5.5894
-5.599
-5.60867
-5.61573
-5.62213
-5.62648
-5.62922
-5.62997
-5.62945
-5.62768
-5.62578
-5.62425
-5.6225
-5.62113
-5.62066
-5.61985
-5.62057
-5.6203
-5.61876
-5.6164
-5.61235
-5.60739
-5.59962
-5.59032
-5.58051
-5.57166
-5.56181
-5.5517
-5.54149
-5.53016
-5.51863
-5.50473
-5.49025
-5.47564
-5.46215
-5.45014
-5.44169
-5.43702
-5.43692
-5.44126
-5.44813
-5.45947
-5.47255
-5.48682
-5.5027
-5.51855
-5.53387
-5.54537
-5.55583
-5.56386
-5.5684
-5.57054
-5.57082
-5.56972
-5.56751
-5.56529
-5.56228
-5.55857
-5.55462
-5.55011
-5.54459
-5.53839
-5.53278
-5.52695
-5.52183
-5.51896
-5.51806
-5.51918
-5.52365
-5.52869
-5.53508
-5.54134
-5.54701
-5.55109
-5.55408
-5.55524
-5.55558
-5.55424
-5.55214
-5.55033
-5.5468
-5.54297
-5.53811
-5.53202
-5.52517
-5.51796
-5.51219
-5.50918
-5.51031
-5.51559
-5.52499
-5.53553
-5.54677
-5.55596
-5.56446
-5.56973
-5.5741
-5.57756
-5.57926
-5.58069
-5.58178
-5.58065
-5.57961
-5.57532
-5.57114
-5.56472
-5.55856
-5.55064
-5.54337
-5.53714
-5.53033
-5.52382
-5.51886
-5.51496
-5.51309
-5.51301
-5.51458
-5.5182
-5.52386
-5.53009
-5.53623
-5.54361
-5.54995
-5.55666
-5.56328
-5.56862
-5.57315
-5.57689
-5.5784
-5.57811
-5.57561
-5.57103
-5.56436
-5.55653
-5.54729
-5.53893
-5.52992
-5.52278
-5.51665
-5.51093
-5.50558
-5.50101
-5.49826
-5.49774
-5.49851
-5.50171
-5.50681
-5.51338
-5.52069
-5.52812
-5.53394
-5.53982
-5.54313
-5.54397
-5.54115
-5.5354
-5.52812
-5.51741
-5.50738
-5.49757
-5.48705
-5.47559
-5.46509
-5.45631
-5.44948
-5.44592
-5.44478
-5.44917
-5.45725
-5.46871
-5.48553
-5.50277
-5.52232
-5.54259
-5.56052
-5.57465
-5.58431
-5.58857
-5.58807
-5.58445
-5.57892
-5.57058
-5.56254
-5.55559
-5.54921
-5.54373
-5.53858
-5.53361
-5.52923
-5.52536
-5.52058
-5.51678
-5.51167
-5.50622
-5.50094
-5.49542
-5.49078
-5.48688
-5.4819
-5.47764
-5.47507
-5.47483
-5.47749
-5.4811
-5.48666
-5.49263
-5.49954
-5.50537
-5.51164
-5.51448
-5.51611
-5.51498
-5.51266
-5.50843
-5.50295
-5.49808
-5.49349
-5.49081
-5.4899
-5.49161
-5.49382
-5.49704
-5.50063
-5.50611
-5.5114
-5.51532
-5.5179
-5.52008
-5.52085
-5.52002
-5.52112
-5.52192
-5.52278
-5.52247
-5.52112
-5.51869
-5.51674
-5.51324
-5.51069
-5.50876
-5.50865
-5.51086
-5.51544
-5.52154
-5.52912
-5.53695
-5.54553
-5.55227
-5.55883
-5.56276
-5.56471
-5.56639
-5.56652
-5.56553
-5.56441
-5.56331
-5.56176
-5.56233
-5.56386
-5.56834
-5.57379
-5.58024
-5.58851
-5.59827
-5.6085
-5.61905
-5.6294
-5.6391
-5.64694
-5.65282
-5.65694
-5.65609
-5.65404
-5.64814
-5.6392
-5.62744
-5.61354
-5.59824
-5.58175
-5.56282
-5.54457
-5.52848
-5.51276
-5.49764
-5.48337
-5.47184
-5.46404
-5.45873
-5.45772
-5.46043
-5.46731
-5.47751
-5.49014
-5.50524
-5.52067
-5.53551
-5.54931
-5.56317
-5.57292
-5.58182
-5.58858
-5.59316
-5.59596
-5.59738
-5.59798
-5.59788
-5.59633
-5.594
-5.59215
-5.59036
-5.58879
-5.58727
-5.58483
-5.58111
-5.57651
-5.56929
-5.55976
-5.54801
-5.53612
-5.52436
-5.51373
-5.50665
-5.50384
-5.50615
-5.51241
-5.52133
-5.53216
-5.54392
-5.55327
-5.55978
-5.56442
-5.56583
-5.56516
-5.56098
-5.55519
-5.54842
-5.54261
-5.5348
-5.52864
-5.52287
-5.51704
-5.51103
-5.50583
-5.50022
-5.49518
-5.49217
-5.4902
-5.49119
-5.49411
-5.50084
-5.50974
-5.52117
-5.53375
-5.54733
-5.56064
-5.57314
-5.58387
-5.59231
-5.59842
-5.60399
-5.60586
-5.60664
-5.60603
-5.60556
-5.60472
-5.60272
-5.60258
-5.60265
-5.60236
-5.60159
-5.60115
-5.60064
-5.60129
-5.60275
-5.60435
-5.60531
-5.60615
-5.60644
-5.60473
-5.6012
-5.59603
-5.58904
-5.58239
-5.57359
-5.56633
-5.56146
-5.55809
-5.55659
-5.55519
-5.55495
-5.55491
-5.55752
-5.56138
-5.56521
-5.56991
-5.575
-5.58135
-5.58617
-5.59162
-5.59423
-5.59447
-5.59198
-5.58509
-5.57514
-5.56132
-5.54296
-5.52345
-5.50575
-5.4919
-5.48191
-5.47847
-5.47911
-5.48321
-5.48987
-5.49804
-5.50491
-5.51247
-5.51822
-5.52252
-5.5243
-5.52492
-5.52404
-5.52357
-5.52413
-5.52536
-5.52676
-5.52956
-5.53252
-5.5358
-5.54075
-5.54541
-5.55006
-5.55533
-5.56071
-5.56574
-5.5702
-5.57446
-5.57803
-5.57785
-5.57855
-5.57719
-5.57331
-5.56864
-5.56308
-5.55662
-5.54808
-5.53939
-5.52928
-5.51847
-5.50747
-5.49719
-5.48832
-5.48204
-5.47767
-5.47454
-5.47325
-5.47313
-5.47332
-5.47339
-5.4735
-5.4749
-5.47505
-5.47724
-5.4798
-5.48542
-5.49219
-5.50024
-5.50735
-5.51444
-5.51846
-5.52063
-5.52084
-5.51953
-5.51586
-5.51249
-5.50837
-5.50435
-5.50153
-5.49951
-5.49976
-5.49991
-5.5012
-5.50343
-5.50671
-5.51179
-5.51901
-5.52755
-5.53767
-5.54861
-5.5605
-5.5724
-5.58385
-5.59693
-5.60777
-5.6166
-5.62438
-5.63036
-5.63427
-5.63614
-5.63438
-5.62893
-5.62069
-5.60874
-5.59455
-5.57752
-5.5603
-5.54366
-5.53008
-5.51771
-5.50979
-5.50452
-5.50304
-5.50449
-5.51003
-5.51701
-5.52556
-5.53559
-5.5468
-5.55715
-5.56758
-5.57559
-5.58105
-5.58506
-5.58678
-5.58566
-5.58228
-5.57613
-5.5684
-5.5607
-5.55088
-5.54154
-5.53254
-5.52641
-5.52211
-5.5201
-5.52024
-5.5224
-5.52733
-5.5333
-5.54005
-5.54766
-5.55562
-5.56347
-5.56877
-5.57257
-5.57424
-5.5736
-5.56944
-5.56408
-5.55729
-5.54984
-5.54254
-5.53576
-5.53021
-5.52529
-5.52224
-5.52127
-5.52328
-5.52611
-5.53028
-5.53636
-5.54242
-5.54819
-5.55405
-5.55767
-5.56104
-5.56373
-5.56489
-5.56604
-5.56739
-5.56949
-5.57123
-5.57336
-5.57344
-5.5716
-5.56777
-5.56344
-5.55465
-5.54436
-5.53299
-5.52115
-5.51244
-5.506
-5.50429
-5.5064
-5.51241
-5.52208
-5.53236
-5.54306
-5.553
-5.56203
-5.56946
-5.57463
-5.57855
-5.58023
-5.58121
-5.58008
-5.57688
-5.57201
-5.56737
-5.56023
-5.5534
-5.54486
-5.53434
-5.52298
-5.51136
-5.50165
-5.49421
-5.48993
-5.48909
-5.49222
-5.49878
-5.50707
-5.51702
-5.52659
-5.53702
-5.54568
-5.55213
-5.55699
-5.55985
-5.56034
-5.56025
-5.55805
-5.55501
-5.55146
-5.54855
-5.54572
-5.54307
-5.54133
-5.54045
-5.53951
-5.53923
-5.53923
-5.54016
-5.53788
-5.53519
-5.53023
-5.52411
-5.51829
-5.51248
-5.50684
-5.50329
-5.50256
-5.50372
-5.5058
-5.5104
-5.51484
-5.51951
-5.52165
-5.52245
-5.52036
-5.51696
-5.51302
-5.51484
-5.50909
-5.49831
-5.48155
-5.45892
-5.43401
-5.40577
-5.3778
-5.35024
-5.3218
-5.29556
-5.26842
-5.24117
-5.21707
-5.19815
-5.18597
-5.18209
-5.18425
-5.19091
-5.2022
-5.213
-5.22213
-5.22961
-5.23644
-5.24309
-5.24711
-5.24954
-5.24883
-5.24432
-5.23705
-5.22741
-5.21552
-5.20348
-5.19506
-5.19393
-5.19725
-5.20388
-5.20828
-5.211
-5.2095
-5.20648
-5.2029
-5.19954
-5.19443
-5.19066
-5.18504
-5.17723
-5.1681
-5.15632
-5.14456
-5.13441
-5.12762
-5.12293
-5.11934
-5.11604
-5.11204
-5.10675
-5.10247
-5.1001
-5.10241
-5.10679
-5.11707
-5.13083
-5.14903
-5.16644
-5.1859
-5.20309
-5.21929
-5.23195
-5.2397
-5.24231
-5.24227
-5.2377
-5.231
-5.22213
-5.20916
-5.19718
-5.18305
-5.16714
-5.15272
-5.13839
-5.12965
-5.12717
-5.13011
-5.13789
-5.14874
-5.16065
-5.17143
-5.18041
-5.18891
-5.19803
-5.20875
-5.22015
-5.23285
-5.24529
-5.25718
-5.26546
-5.26855
-5.26607
-5.25916
-5.24743
-5.23342
-5.22087
-5.2091
-5.20197
-5.19735
-5.19691
-5.19988
-5.20687
-5.2176
-5.22982
-5.24456
-5.25828
-5.27163
-5.281
-5.28813
-5.29156
-5.29205
-5.28902
-5.2843
-5.27697
-5.26925
-5.26285
-5.25765
-5.25513
-5.25311
-5.25257
-5.25262
-5.2539
-5.25258
-5.25073
-5.24663
-5.24223
-5.23885
-5.23758
-5.2396
-5.24217
-5.24172
-5.23858
-5.23007
-5.21714
-5.20248
-5.19074
-5.18535
-5.18735
-5.19758
-5.21434
-5.2352
-5.25429
-5.27066
-5.28156
-5.28802
-5.28899
-5.28542
-5.27839
-5.26892
-5.25747
-5.24495
-5.23317
-5.22224
-5.21474
-5.21087
-5.21288
-5.22014
-5.23283
-5.24814
-5.26393
-5.27752
-5.28557
-5.28583
-5.27798
-5.26358
-5.24245
-5.21845
-5.19405
-5.17375
-5.15643
-5.14199
-5.13317
-5.13142
-5.13708
-5.14881
-5.16415
-5.18089
-5.19674
-5.20916
-5.21883
-5.22518
-5.22852
-5.22669
-5.2187
-5.2043
-5.18494
-5.1598
-5.13041
-5.09955
-5.06975
-5.04293
-5.02404
-5.01562
-5.01579
-5.02521
-5.04149
-5.06285
-5.08743
-5.11374
-5.14121
-5.16702
-5.19144
-5.21179
-5.22819
-5.23963
-5.24635
-5.25106
-5.25306
-5.25427
-5.25322
-5.25225
-5.25326
-5.25308
-5.25222
-5.25036
-5.24851
-5.246
-5.24358
-5.24258
-5.24315
-5.24355
-5.24231
-5.2398
-5.2334
-5.22129
-5.20531
-5.18815
-5.16797
-5.14559
-5.12466
-5.10402
-5.08892
-5.08054
-5.08099
-5.08861
-5.10197
-5.11818
-5.13642
-5.1568
-5.1789
-5.20228
-5.22589
-5.24795
-5.26752
-5.28182
-5.29071
-5.28945
-5.28248
-5.27066
-5.25544
-5.23892
-5.2219
-5.20797
-5.19697
-5.18928
-5.18591
-5.18443
-5.18387
-5.18565
-5.18927
-5.19277
-5.19835
-5.20434
-5.21195
-5.22035
-5.22777
-5.23541
-5.24018
-5.2435
-5.24541
-5.24408
-5.24271
-5.24041
-5.23757
-5.23266
-5.22723
-5.22193
-5.21887
-5.2185
-5.2199
-5.224
-5.22927
-5.2341
-5.23717
-5.23718
-5.23545
-5.22876
-5.21904
-5.20574
-5.19001
-5.17294
-5.15553
-5.13968
-5.1252
-5.11233
-5.10255
-5.0961
-5.09213
-5.09167
-5.09451
-5.09858
-5.10217
-5.10474
-5.10309
-5.09775
-5.08693
-5.07299
-5.05947
-5.04847
-5.04317
-5.04445
-5.05083
-5.06298
-5.07763
-5.0926
-5.1069
-5.12126
-5.13459
-5.14566
-5.15356
-5.15936
-5.16222
-5.16076
-5.1553
-5.14515
-5.12904
-5.10819
-5.08355
-5.05649
-5.03102
-5.01095
-5.00053
-5.00343
-5.01798
-5.03973
-5.06375
-5.08548
-5.10435
-5.12014
-5.13371
-5.14791
-5.16115
-5.17362
-5.18444
-5.18926
-5.19018
-5.18698
-5.17758
-5.16538
-5.15249
-5.14217
-5.13819
-5.1402
-5.14673
-5.15672
-5.16686
-5.17338
-5.17554
-5.17244
-5.16638
-5.1577
-5.14851
-5.14255
-5.1418
-5.14703
-5.1604
-5.17874
-5.20118
-5.22186
-5.23866
-5.25032
-5.2531
-5.24815
-5.23677
-5.22102
-5.20485
-5.18924
-5.17717
-5.16651
-5.15718
-5.14571
-5.1331
-5.1223
-5.11447
-5.11342
-5.11518
-5.11983
-5.12245
-5.12334
-5.11697
-5.10619
-5.0919
-5.07536
-5.06065
-5.05153
-5.04966
-5.05651
-5.07104
-5.08958
-5.10859
-5.12329
-5.13276
-5.13814
-5.13805
-5.1387
-5.14294
-5.15427
-5.17105
-5.19479
-5.22098
-5.24627
-5.26799
-5.28437
-5.2954
-5.30083
-5.3007
-5.29668
-5.29041
-5.28258
-5.27442
-5.26551
-5.25547
-5.24915
-5.24337
-5.23994
-5.23966
-5.24016
-5.24349
-5.24459
-5.24357
-5.24282
-5.24093
-5.23824
-5.23483
-5.23025
-5.22757
-5.22429
-5.22286
-5.2223
-5.22075
-5.21773
-5.21186
-5.20545
-5.19679
-5.18636
-5.17669
-5.16665
-5.15767
-5.14799
-5.14307
-5.13641
-5.12981
-5.12431
-5.11927
-5.11488
-5.11407
-5.11535
-5.1182
-5.12297
-5.12617
-5.12788
-5.12764
-5.12519
-5.12248
-5.12096
-5.12203
-5.1271
-5.13705
-5.14825
-5.16143
-5.17396
-5.1866
-5.2003
-5.21165
-5.22073
-5.22639
-5.22885
-5.22852
-5.22649
-5.22275
-5.2194
-5.21547
-5.21248
-5.21197
-5.21119
-5.21131
-5.21216
-5.21238
-5.21277
-5.21436
-5.21732
-5.22139
-5.22484
-5.22838
-5.2294
-5.2296
-5.22756
-5.22045
-5.21134
-5.19999
-5.18438
-5.16812
-5.1533
-5.1433
-5.13937
-5.14283
-5.1537
-5.17011
-5.18894
-5.21135
-5.23235
-5.25169
-5.26738
-5.27736
-5.28306
-5.28281
-5.27744
-5.26929
-5.25818
-5.24561
-5.23423
-5.22374
-5.21642
-5.21185
-5.21219
-5.21614
-5.22582
-5.24043
-5.2568
-5.27242
-5.28198
-5.28245
-5.27203
-5.25125
-5.22561
-5.19817
-5.17216
-5.15326
-5.14092
-5.13547
-5.13325
-5.13468
-5.13982
-5.14826
-5.1606
-5.17572
-5.19204
-5.20831
-5.2226
-5.23098
-5.23584
-5.2365
-5.23552
-5.23253
-5.22939
-5.22757
-5.22934
-5.2324
-5.23915
-5.24826
-5.259
-5.2726
-5.2883
-5.30146
-5.31139
-5.31581
-5.31437
-5.30697
-5.29431
-5.27956
-5.26254
-5.24528
-5.22965
-5.21472
-5.20263
-5.19367
-5.18695
-5.18084
-5.17698
-5.17509
-5.17861
-5.18711
-5.2
-5.21559
-5.22752
-5.23536
-5.23707
-5.23194
-5.22151
-5.2064
-5.18909
-5.16814
-5.15058
-5.13792
-5.1312
-5.12832
-5.12567
-5.12039
-5.11054
-5.09739
-5.08124
-5.06715
-5.0582
-5.05686
-5.0649
-5.08109
-5.10219
-5.12856
-5.15678
-5.18302
-5.20651
-5.22159
-5.22834
-5.2267
-5.21695
-5.20089
-5.18272
-5.16448
-5.14843
-5.13646
-5.12828
-5.12403
-5.12188
-5.12242
-5.12424
-5.12233
-5.11853
-5.11316
-5.10878
-5.10545
-5.10542
-5.1097
-5.11783
-5.12745
-5.13856
-5.1493
-5.15854
-5.16761
-5.17482
-5.18121
-5.18657
-5.19262
-5.20077
-5.20984
-5.221
-5.23583
-5.25218
-5.26918
-5.28467
-5.29838
-5.3085
-5.3128
-5.3114
-5.30409
-5.29185
-5.27601
-5.25816
-5.23849
-5.22162
-5.20729
-5.19754
-5.19123
-5.19053
-5.1938
-5.19858
-5.20488
-5.20986
-5.21101
-5.20733
-5.20119
-5.19166
-5.18132
-5.17103
-5.16486
-5.16024
-5.16023
-5.1615
-5.16709
-5.17389
-5.18272
-5.19267
-5.20378
-5.2148
-5.22579
-5.23953
-5.24993
-5.26131
-5.27237
-5.28038
-5.28629
-5.29
-5.29041
-5.28835
-5.2852
-5.27899
-5.27232
-5.2651
-5.25819
-5.25045
-5.24422
-5.23643
-5.2272
-5.21752
-5.20634
-5.19858
-5.1943
-5.19782
-5.20808
-5.22439
-5.24376
-5.26475
-5.28541
-5.30317
-5.3182
-5.32751
-5.33215
-5.33119
-5.32428
-5.30805
-5.28551
-5.25589
-5.22041
-5.18116
-5.14109
-5.10408
-5.07533
-5.05516
-5.04495
-5.04409
-5.05183
-5.06641
-5.08557
-5.10737
-5.13038
-5.15168
-5.16915
-5.18291
-5.19349
-5.20197
-5.20741
-5.21309
-5.21877
-5.22588
-5.23384
-5.2422
-5.25095
-5.26023
-5.27214
-5.2856
-5.29934
-5.31477
-5.32894
-5.3401
-5.34597
-5.34655
-5.34141
-5.32943
-5.30862
-5.27895
-5.24289
-5.20263
-5.16158
-5.12509
-5.09752
-5.07856
-5.0683
-5.06566
-5.0682
-5.07538
-5.08511
-5.09636
-5.10847
-5.12011
-5.1313
-5.1425
-5.15272
-5.16192
-5.17137
-5.17939
-5.18887
-5.19746
-5.20461
-5.20928
-5.21261
-5.2122
-5.21006
-5.20579
-5.19803
-5.1882
-5.17637
-5.16287
-5.14794
-5.13316
-5.11923
-5.10822
-5.10054
-5.09747
-5.09859
-5.10357
-5.11209
-5.12407
-5.13761
-5.15276
-5.16975
-5.18628
-5.20274
-5.21786
-5.23032
-5.24078
-5.24818
-5.25276
-5.25484
-5.25272
-5.24869
-5.24423
-5.24158
-5.24198
-5.2433
-5.24607
-5.24663
-5.24373
-5.23448
-5.22277
-5.20772
-5.19096
-5.17464
-5.15958
-5.14771
-5.13985
-5.13719
-5.13948
-5.14556
-5.15406
-5.16216
-5.16754
-5.17054
-5.17126
-5.1718
-5.17292
-5.17668
-5.18421
-5.19779
-5.21444
-5.23297
-5.25057
-5.26773
-5.28245
-5.29406
-5.3024
-5.30937
-5.31191
-5.31008
-5.30524
-5.29677
-5.28627
-5.27466
-5.26338
-5.25376
-5.24466
-5.23394
-5.22264
-5.21061
-5.19897
-5.19086
-5.18735
-5.18798
-5.19199
-5.20078
-5.21206
-5.22516
-5.23826
-5.25149
-5.26207
-5.2704
-5.27532
-5.27691
-5.27479
-5.26854
-5.25956
-5.24868
-5.23595
-5.22301
-5.2097
-5.19797
-5.18845
-5.18455
-5.1835
-5.18907
-5.2001
-5.21584
-5.23277
-5.24805
-5.2606
-5.26975
-5.27365
-5.27254
-5.2665
-5.25641
-5.2415
-5.2238
-5.20123
-5.17426
-5.14665
-5.1202
-5.09767
-5.08279
-5.07867
-5.086
-5.10466
-5.12969
-5.15731
-5.18453
-5.20919
-5.23238
-5.2493
-5.26176
-5.27169
-5.27611
-5.27764
-5.27584
-5.2714
-5.26665
-5.25931
-5.25014
-5.24126
-5.2314
-5.2209
-5.21046
-5.20129
-5.193
-5.18752
-5.18232
-5.17972
-5.17876
-5.18153
-5.18528
-5.19055
-5.19533
-5.1981
-5.20067
-5.20156
-5.20395
-5.2085
-5.21534
-5.22312
-5.23051
-5.23395
-5.23242
-5.22512
-5.21514
-5.20171
-5.18782
-5.17955
-5.17832
-5.18629
-5.20087
-5.22174
-5.24448
-5.26619
-5.28635
-5.30164
-5.31079
-5.31322
-5.30766
-5.29412
-5.27422
-5.24948
-5.21987
-5.18615
-5.15117
-5.11847
-5.08883
-5.06804
-5.05746
-5.05484
-5.06084
-5.07333
-5.08807
-5.10455
-5.12065
-5.13499
-5.1469
-5.15693
-5.16474
-5.17004
-5.17247
-5.17361
-5.17447
-5.17169
-5.16779
-5.16146
-5.15365
-5.14751
-5.16632
-5.18267
-5.19648
-5.20445
-5.20383
-5.19525
-5.17873
-5.15854
-5.1357
-5.11532
-5.09765
-5.0828
-5.06419
-5.04179
-5.0138
-4.98437
-4.95738
-4.93465
-4.92257
-4.92207
-4.93254
-4.95244
-4.97818
-5.00689
-5.03398
-5.05621
-5.07162
-5.08044
-5.08335
-5.08228
-5.07848
-5.07075
-5.05793
-5.04325
-5.02812
-5.0145
-5.00437
-4.99846
-4.9967
-4.99393
-4.98893
-4.98113
-4.96722
-4.95242
-4.9375
-4.92753
-4.92162
-4.92282
-4.93135
-4.94662
-4.96614
-4.98867
-5.01115
-5.03028
-5.04025
-5.04353
-5.03824
-5.02711
-5.01614
-5.00809
-5.00519
-5.00674
-5.01052
-5.01475
-5.01989
-5.02685
-5.03626
-5.04929
-5.06244
-5.07745
-5.08987
-5.09768
-5.0998
-5.09638
-5.08881
-5.07733
-5.06245
-5.04756
-5.03426
-5.0222
-5.01343
-5.00579
-4.99969
-4.99548
-4.99034
-4.98616
-4.98343
-4.98075
-4.98033
-4.98142
-4.98963
-5.00362
-5.02278
-5.04683
-5.07138
-5.09627
-5.11856
-5.13747
-5.15193
-5.16338
-5.17143
-5.17621
-5.18174
-5.18581
-5.19103
-5.19185
-5.1931
-5.19041
-5.1852
-5.17783
-5.16886
-5.16053
-5.1527
-5.14796
-5.14528
-5.14516
-5.14646
-5.14673
-5.14582
-5.14182
-5.13457
-5.12451
-5.11016
-5.09216
-5.07271
-5.05117
-5.02974
-5.01314
-5.00939
-5.0157
-5.02785
-5.04005
-5.0492
-5.05308
-5.05468
-5.0555
-5.05743
-5.06057
-5.06187
-5.05956
-5.05145
-5.04043
-5.02758
-5.01545
-5.00964
-5.01066
-5.01592
-5.02144
-5.02838
-5.03579
-5.04592
-5.05835
-5.07358
-5.08836
-5.10193
-5.11417
-5.12526
-5.13638
-5.147
-5.15694
-5.16813
-5.17855
-5.18605
-5.19079
-5.1908
-5.1827
-5.16526
-5.13746
-5.10218
-5.06513
-5.03012
-5.00289
-4.98524
-4.97728
-4.9761
-4.97821
-4.98255
-4.98889
-4.99728
-5.00785
-5.01967
-5.03324
-5.0448
-5.05435
-5.06275
-5.07034
-5.0798
-5.09225
-5.10571
-5.11695
-5.12352
-5.11984
-5.10341
-5.07517
-5.04421
-5.02277
-5.01776
-5.02944
-5.04871
-5.06834
-5.08159
-5.0915
-5.09787
-5.10469
-5.11025
-5.11891
-5.12865
-5.13766
-5.14162
-5.14102
-5.13401
-5.12302
-5.1112
-5.10095
-5.09377
-5.09063
-5.09134
-5.09448
-5.09631
-5.09479
-5.08617
-5.07509
-5.06702
-5.0688
-5.08383
-5.1095
-5.13748
-5.16269
-5.17852
-5.18682
-5.18567
-5.18021
-5.17298
-5.16664
-5.16451
-5.16476
-5.1677
-5.16918
-5.16739
-5.16085
-5.15089
-5.13949
-5.13042
-5.12498
-5.12339
-5.12298
-5.1181
-5.10507
-5.08472
-5.0583
-5.03121
-5.00713
-4.98713
-4.97232
-4.95914
-4.95015
-4.94376
-4.94004
-4.93953
-4.93962
-4.94037
-4.94271
-4.94525
-4.94816
-4.94958
-4.94903
-4.94683
-4.9435
-4.9426
-4.94334
-4.94872
-4.95848
-4.97474
-4.99581
-5.01981
-5.04517
-5.06677
-5.08361
-5.09603
-5.1018
-5.0996
-5.0925
-5.07953
-5.06516
-5.05
-5.03881
-5.03514
-5.03889
-5.04842
-5.06038
-5.07271
-5.08336
-5.09417
-5.10613
-5.12199
-5.13967
-5.15679
-5.16776
-5.17047
-5.16374
-5.14928
-5.13338
-5.11894
-5.11196
-5.11254
-5.11991
-5.13144
-5.14395
-5.15305
-5.15686
-5.15202
-5.143
-5.12925
-5.11246
-5.09433
-5.07677
-5.05919
-5.04518
-5.03358
-5.02481
-5.01855
-5.0136
-5.01075
-5.01356
-5.02534
-5.04598
-5.07279
-5.0999
-5.12544
-5.14616
-5.16137
-5.17009
-5.16953
-5.16176
-5.14477
-5.11883
-5.08635
-5.04899
-5.01073
-4.97315
-4.94101
-4.91589
-4.90068
-4.89831
-4.90525
-4.91793
-4.93159
-4.94391
-4.95479
-4.96297
-4.97169
-4.98063
-4.98795
-4.99473
-5.00168
-5.00953
-5.01899
-5.03275
-5.05036
-5.07056
-5.09194
-5.11202
-5.12567
-5.13191
-5.12818
-5.11564
-5.09546
-5.07292
-5.05203
-5.03474
-5.02609
-5.02508
-5.03247
-5.04668
-5.06788
-5.0911
-5.11222
-5.13149
-5.14701
-5.15765
-5.16328
-5.16093
-5.15087
-5.13502
-5.11418
-5.08798
-5.06249
-5.04104
-5.03032
-5.03346
-5.0486
-5.07105
-5.09352
-5.11321
-5.1282
-5.13553
-5.13854
-5.13902
-5.13781
-5.13638
-5.13608
-5.13399
-5.13072
-5.12576
-5.11758
-5.10748
-5.09655
-5.08745
-5.08
-5.07754
-5.08157
-5.09352
-5.11045
-5.13311
-5.15883
-5.18304
-5.20354
-5.21821
-5.22286
-5.21846
-5.20496
-5.1846
-5.15834
-5.1281
-5.09541
-5.06191
-5.02875
-4.9977
-4.97173
-4.95346
-4.94542
-4.94734
-4.95688
-4.97592
-5.00059
-5.02999
-5.05844
-5.08218
-5.09691
-5.10093
-5.09602
-5.08399
-5.06814
-5.04998
-5.0346
-5.0213
-5.01012
-5.00464
-5.00522
-5.01252
-5.02415
-5.03863
-5.05145
-5.05682
-5.05449
-5.04232
-5.02167
-4.9949
-4.96852
-4.94772
-4.94122
-4.95387
-4.98066
-5.01537
-5.0475
-5.07422
-5.09295
-5.10562
-5.11298
-5.11741
-5.11897
-5.11807
-5.11646
-5.11361
-5.11215
-5.11295
-5.117
-5.12316
-5.12791
-5.1305
-5.12849
-5.11966
-5.10526
-5.08883
-5.07083
-5.05444
-5.03934
-5.02843
-5.01969
-5.01377
-5.01225
-5.01374
-5.0192
-5.02735
-5.03644
-5.04445
-5.04879
-5.0473
-5.04532
-5.04284
-5.04154
-5.04115
-5.03887
-5.0355
-5.02884
-5.02231
-5.01834
-5.01664
-5.01815
-5.02272
-5.03219
-5.04473
-5.0543
-5.06011
-5.05994
-5.05527
-5.04865
-5.03776
-5.02813
-5.01983
-5.01608
-5.01521
-5.0144
-5.01531
-5.01565
-5.0139
-5.01258
-5.01243
-5.01333
-5.01647
-5.02167
-5.02798
-5.03746
-5.04708
-5.05587
-5.06059
-5.0595
-5.05055
-5.03462
-5.01355
-4.99029
-4.96627
-4.94614
-4.93171
-4.92461
-4.92624
-4.9381
-4.95927
-4.98678
-5.01611
-5.04388
-5.0687
-5.08833
-5.10298
-5.11328
-5.12072
-5.12421
-5.12521
-5.12301
-5.11728
-5.11037
-5.1027
-5.0969
-5.09315
-5.09501
-5.10296
-5.11462
-5.13218
-5.15055
-5.16836
-5.18267
-5.19369
-5.20157
-5.20696
-5.20983
-5.2097
-5.20707
-5.20091
-5.18901
-5.17212
-5.15104
-5.12831
-5.10479
-5.08389
-5.06505
-5.05067
-5.04018
-5.03599
-5.03654
-5.04104
-5.05013
-5.06145
-5.07507
-5.08938
-5.10297
-5.11398
-5.12003
-5.12151
-5.11583
-5.10511
-5.0915
-5.07777
-5.06564
-5.05605
-5.04638
-5.03727
-5.03054
-5.02672
-5.02729
-5.03465
-5.04519
-5.05595
-5.06581
-5.0721
-5.07427
-5.07375
-5.07217
-5.06812
-5.06396
-5.0591
-5.0556
-5.05221
-5.04808
-5.0413
-5.03084
-5.01877
-5.00272
-4.98443
-4.96555
-4.94898
-4.9367
-4.93121
-4.93381
-4.947
-4.96767
-4.99223
-5.01303
-5.02826
-5.0358
-5.03621
-5.03215
-5.02766
-5.02672
-5.03039
-5.04021
-5.05504
-5.07051
-5.0882
-5.10376
-5.11611
-5.12382
-5.12465
-5.12081
-5.11166
-5.09612
-5.07978
-5.06093
-5.04461
-5.03179
-5.02457
-5.02188
-5.02366
-5.02867
-5.03265
-5.03721
-5.04308
-5.05208
-5.06238
-5.07247
-5.07941
-5.08081
-5.07412
-5.06057
-5.04233
-5.0228
-5.00311
-4.98751
-4.97684
-4.97116
-4.97447
-4.9814
-4.99098
-4.99978
-5.00377
-5.00438
-5.00039
-4.9933
-4.9837
-4.97619
-4.97235
-4.97565
-4.98372
-4.99532
-5.0083
-5.02196
-5.03493
-5.04866
-5.06165
-5.07538
-5.08919
-5.10431
-5.11878
-5.13386
-5.14818
-5.15709
-5.15835
-5.15163
-5.13716
-5.11732
-5.09427
-5.07125
-5.05353
-5.04012
-5.03135
-5.02649
-5.02479
-5.02182
-5.01496
-5.00376
-4.99028
-4.97767
-4.96795
-4.96375
-4.96928
-4.98384
-5.00793
-5.03557
-5.06474
-5.09106
-5.11227
-5.12961
-5.14301
-5.15169
-5.15845
-5.16422
-5.17182
-5.18002
-5.18811
-5.19934
-5.21008
-5.21696
-5.21985
-5.21853
-5.21176
-5.19872
-5.18019
-5.15644
-5.12879
-5.09879
-5.06927
-5.03786
-5.00863
-4.98658
-4.97448
-4.97346
-4.98323
-5.00064
-5.02223
-5.04311
-5.06432
-5.0822
-5.096
-5.10495
-5.11091
-5.11436
-5.11562
-5.11505
-5.11378
-5.1118
-5.11079
-5.11187
-5.11515
-5.12273
-5.13202
-5.1436
-5.15291
-5.15778
-5.15848
-5.15366
-5.14505
-5.13144
-5.11485
-5.09832
-5.08153
-5.06565
-5.05212
-5.03736
-5.02336
-5.0093
-4.99376
-4.97835
-4.96584
-4.95642
-4.94863
-4.94424
-4.94168
-4.94009
-4.93618
-4.92876
-4.91798
-4.90125
-4.88362
-4.8685
-4.86386
-4.87231
-4.8946
-4.92864
-4.9671
-5.00452
-5.03257
-5.04834
-5.05215
-5.04857
-5.04225
-5.03709
-5.03477
-5.03723
-5.04475
-5.05089
-5.05721
-5.06218
-5.0644
-5.06538
-5.06369
-5.05972
-5.05153
-5.03917
-5.02632
-5.01253
-5.00148
-4.99494
-4.99641
-5.00633
-5.02786
-5.05652
-5.09123
-5.12541
-5.15585
-5.17818
-5.19025
-5.19225
-5.18536
-5.17148
-5.15389
-5.13739
-5.12406
-5.11573
-5.10831
-5.10312
-5.09736
-5.08941
-5.0768
-5.06009
-5.04039
-5.01916
-4.9974
-4.98065
-4.96962
-4.96775
-4.97265
-4.98335
-4.99836
-5.01574
-5.03289
-5.04914
-5.06573
-5.07877
-5.08917
-5.09349
-5.09156
-5.08451
-5.0736
-5.06269
-5.05199
-5.04463
-5.0395
-5.03472
-5.03216
-5.03049
-5.02913
-5.02903
-5.02712
-5.02612
-5.02632
-5.02567
-5.02332
-5.01598
-5.0072
-5.00002
-4.99933
-5.01067
-5.03476
-5.06914
-5.10775
-5.14701
-5.18159
-5.21133
-5.2318
-5.24189
-5.24293
-5.23515
-5.22138
-5.20575
-5.18951
-5.17378
-5.15749
-5.13934
-5.12114
-5.10336
-5.08868
-5.0789
-5.0734
-5.07506
-5.0798
-5.08689
-5.09548
-5.10126
-5.10642
-5.10472
-5.09581
-5.07666
-5.049
-5.01496
-4.98075
-4.95078
-4.93142
-4.92035
-4.91849
-4.92078
-4.92623
-4.9319
-4.93794
-4.94604
-4.95602
-4.96728
-4.97883
-4.9885
-4.99443
-4.99797
-5.00062
-5.00232
-5.00755
-5.01685
-5.03065
-5.04712
-5.06326
-5.07811
-5.09135
-5.1024
-5.11133
-5.11946
-5.12563
-5.13087
-5.13607
-5.14189
-5.14751
-5.15274
-5.15559
-5.15649
-5.15431
-5.14832
-5.13942
-5.12736
-5.11686
-5.10609
-5.09305
-5.08018
-5.06726
-5.05327
-5.03852
-5.02161
-5.0039
-4.98778
-4.97543
-4.96821
-4.96777
-4.97048
-4.97784
-4.98773
-4.99965
-5.01119
-5.02141
-5.02561
-5.02602
-5.02354
-5.02013
-5.01675
-5.01678
-5.02094
-5.02972
-5.04259
-5.0555
-5.0707
-5.08611
-5.09896
-5.10858
-5.11512
-5.11791
-5.11756
-5.11435
-5.12804
-5.14164
-5.1495
-5.15357
-5.15304
-5.14812
-5.13721
-5.12
-5.09819
-5.07178
-5.04349
-5.01507
-4.99175
-4.97773
-4.97658
-4.98577
-5.00364
-5.02333
-5.03666
-5.03616
-5.0194
-4.98461
-4.93897
-4.89534
-4.86684
-4.86472
-4.89044
-4.93394
-4.98726
-5.03882
-5.08362
-5.12179
-5.15145
-5.17564
-5.19268
-5.20679
-5.21505
-5.22073
-5.22113
-5.21648
-5.20603
-5.18982
-5.1701
-5.14943
-5.12661
-5.10545
-5.08312
-5.06397
-5.05027
-5.04337
-5.04623
-5.05965
-5.08116
-5.10918
-5.14024
-5.16855
-5.19147
-5.20583
-5.21163
-5.20822
-5.19821
-5.18143
-5.15953
-5.138
-5.11681
-5.10173
-5.0933
-5.09057
-5.09395
-5.10103
-5.11094
-5.12036
-5.12774
-5.13135
-5.1286
-5.12032
-5.10609
-5.08763
-5.06827
-5.05283
-5.04588
-5.04643
-5.05067
-5.05507
-5.05779
-5.05556
-5.05052
-5.04293
-5.03216
-5.01794
-4.99956
-4.97698
-4.9525
-4.92883
-4.91155
-4.89987
-4.89717
-4.90116
-4.91214
-4.92616
-4.94062
-4.95328
-4.96349
-4.97256
-4.9816
-4.98913
-4.99813
-5.00816
-5.01891
-5.03055
-5.04353
-5.05672
-5.06611
-5.06961
-5.06905
-5.06245
-5.05254
-5.04275
-5.03334
-5.02593
-5.02052
-5.01641
-5.0153
-5.0162
-5.02287
-5.03454
-5.05134
-5.06836
-5.08252
-5.08989
-5.08751
-5.07512
-5.05093
-5.01872
-4.98252
-4.94926
-4.9261
-4.9176
-4.92766
-4.95267
-4.98766
-5.02387
-5.05527
-5.07909
-5.09189
-5.09417
-5.08849
-5.07924
-5.06839
-5.06223
-5.06068
-5.06342
-5.06536
-5.06685
-5.06673
-5.06615
-5.06474
-5.06626
-5.07051
-5.07545
-5.0801
-5.0852
-5.0882
-5.08934
-5.092
-5.09686
-5.10334
-5.11219
-5.12171
-5.13133
-5.13973
-5.14581
-5.14996
-5.14817
-5.14022
-5.12663
-5.10882
-5.08988
-5.07072
-5.05306
-5.03619
-5.02103
-5.00864
-5.00043
-4.99899
-5.00386
-5.01435
-5.03015
-5.04796
-5.06964
-5.09134
-5.1129
-5.13066
-5.14481
-5.15261
-5.1528
-5.14566
-5.12878
-5.10527
-5.0803
-5.05455
-5.03225
-5.01967
-5.01855
-5.03016
-5.05322
-5.08507
-5.12175
-5.15955
-5.19547
-5.22545
-5.24765
-5.26045
-5.26154
-5.2544
-5.2414
-5.22501
-5.20737
-5.19043
-5.17454
-5.16027
-5.14885
-5.14094
-5.13488
-5.12966
-5.12582
-5.12376
-5.12002
-5.11263
-5.10241
-5.08896
-5.07412
-5.05995
-5.04878
-5.04132
-5.03846
-5.04191
-5.04879
-5.05788
-5.06704
-5.07431
-5.07768
-5.07547
-5.06705
-5.05487
-5.04208
-5.032
-5.02824
-5.03061
-5.0384
-5.05014
-5.06216
-5.07096
-5.07442
-5.07203
-5.06786
-5.06229
-5.05641
-5.05153
-5.04904
-5.05094
-5.0571
-5.06632
-5.07826
-5.09072
-5.10242
-5.11103
-5.11799
-5.12389
-5.12747
-5.1292
-5.12738
-5.12308
-5.11425
-5.10366
-5.08998
-5.07017
-5.04496
-5.01564
-4.98434
-4.955
-4.93125
-4.91467
-4.90954
-4.91188
-4.9186
-4.92722
-4.93569
-4.94414
-4.95302
-4.9616
-4.96938
-4.97457
-4.97738
-4.97571
-4.97094
-4.96463
-4.95777
-4.9548
-4.95834
-4.96954
-4.98777
-5.00868
-5.03003
-5.04761
-5.05927
-5.06385
-5.06298
-5.05824
-5.05268
-5.04866
-5.04756
-5.04985
-5.05363
-5.05578
-5.0535
-5.04844
-5.03879
-5.02799
-5.01778
-5.00946
-5.00489
-5.00511
-5.00933
-5.01815
-5.03097
-5.04539
-5.05881
-5.06797
-5.07031
-5.06482
-5.05689
-5.04898
-5.04597
-5.05335
-5.06923
-5.09101
-5.11558
-5.13885
-5.15947
-5.17892
-5.19389
-5.20378
-5.20531
-5.19663
-5.17593
-5.14169
-5.09863
-5.05375
-5.01571
-4.99204
-4.98379
-4.98868
-5.00262
-5.02088
-5.04214
-5.06484
-5.08475
-5.10209
-5.11555
-5.12621
-5.12954
-5.12785
-5.12123
-5.11116
-5.10153
-5.09225
-5.08662
-5.08255
-5.07774
-5.06901
-5.05574
-5.04041
-5.02537
-5.01459
-5.00884
-5.00631
-5.0078
-5.00954
-5.00824
-5.00439
-4.99772
-4.98507
-4.96822
-4.9481
-4.9248
-4.90103
-4.8793
-4.86237
-4.8551
-4.8591
-4.87679
-4.90342
-4.93828
-4.97505
-5.01175
-5.04467
-5.07276
-5.09199
-5.10402
-5.10722
-5.10555
-5.10045
-5.09611
-5.09352
-5.09508
-5.1002
-5.1082
-5.11602
-5.12141
-5.12421
-5.12604
-5.12644
-5.12744
-5.12611
-5.12301
-5.1164
-5.10662
-5.09409
-5.08089
-5.06998
-5.06525
-5.0705
-5.08365
-5.10351
-5.12731
-5.15165
-5.17443
-5.19153
-5.20162
-5.20364
-5.19634
-5.17991
-5.15653
-5.12747
-5.09531
-5.0639
-5.03306
-5.01017
-4.99277
-4.98457
-4.98312
-4.99073
-5.00147
-5.01351
-5.02619
-5.03775
-5.04729
-5.05295
-5.05374
-5.05054
-5.04235
-5.032
-5.02237
-5.01607
-5.01159
-5.01155
-5.0178
-5.02846
-5.04578
-5.06892
-5.09351
-5.11498
-5.12646
-5.12291
-5.10483
-5.07298
-5.03181
-4.98553
-4.93968
-4.90174
-4.87582
-4.86353
-4.86578
-4.8798
-4.9004
-4.92212
-4.94232
-4.96212
-4.98159
-5.00163
-5.02435
-5.04865
-5.07314
-5.09602
-5.11324
-5.12368
-5.12744
-5.12231
-5.11199
-5.0974
-5.07692
-5.05222
-5.02544
-4.9987
-4.97423
-4.95652
-4.94766
-4.94739
-4.95503
-4.96929
-4.9899
-5.01257
-5.03631
-5.06261
-5.08823
-5.11144
-5.12817
-5.13727
-5.14157
-5.13991
-5.13698
-5.13379
-5.13048
-5.12832
-5.12848
-5.12794
-5.12581
-5.12462
-5.12386
-5.12538
-5.1311
-5.13748
-5.14405
-5.15154
-5.15747
-5.1619
-5.16169
-5.1578
-5.15008
-5.1363
-5.11906
-5.1007
-5.08473
-5.07333
-5.07118
-5.07483
-5.08393
-5.09551
-5.10411
-5.10925
-5.1078
-5.10305
-5.09398
-5.08256
-5.06994
-5.05621
-5.04644
-5.03934
-5.03945
-5.04486
-5.05765
-5.07244
-5.08628
-5.09803
-5.1061
-5.11016
-5.11021
-5.10808
-5.10143
-5.08964
-5.0742
-5.05393
-5.03125
-5.00643
-4.98525
-4.97231
-4.96831
-4.97597
-4.99277
-5.01632
-5.04065
-5.06379
-5.08521
-5.10379
-5.11953
-5.12696
-5.12592
-5.11718
-5.09982
-5.07675
-5.04895
-5.02157
-4.99632
-4.97621
-4.96424
-4.96009
-4.96669
-4.9785
-4.99472
-5.0139
-5.03074
-5.04373
-5.04871
-5.04729
-5.03997
-5.0296
-5.01839
-5.00967
-5.0043
-4.99919
-4.98978
-4.9774
-4.96045
-4.94228
-4.93094
-4.92929
-4.94032
-4.96042
-4.98499
-5.00946
-5.02985
-5.0451
-5.05244
-5.05146
-5.0443
-5.03435
-5.02553
-5.02168
-5.0273
-5.04373
-5.06875
-5.09827
-5.12417
-5.14224
-5.14892
-5.14437
-5.12851
-5.10456
-5.07436
-5.04063
-5.00782
-4.97803
-4.95503
-4.9346
-4.92032
-4.91185
-4.90869
-4.91383
-4.92611
-4.94591
-4.97225
-5.00214
-5.03056
-5.05582
-5.07349
-5.08089
-5.08044
-5.07207
-5.05771
-5.04111
-5.0267
-5.0155
-5.00976
-5.01023
-5.01568
-5.02527
-5.03506
-5.04469
-5.05356
-5.05971
-5.06581
-5.0699
-5.07466
-5.07905
-5.08248
-5.08271
-5.07924
-5.07072
-5.0593
-5.04631
-5.03849
-5.03765
-5.04962
-5.07239
-5.10127
-5.1331
-5.16263
-5.18562
-5.19995
-5.20446
-5.196
-5.17679
-5.14751
-5.11103
-5.073
-5.04156
-5.01882
-5.00998
-5.0127
-5.02274
-5.03696
-5.04595
-5.0499
-5.04683
-5.03912
-5.03012
-5.02404
-5.02326
-5.02808
-5.0361
-5.04429
-5.05139
-5.05473
-5.05515
-5.05206
-5.04514
-5.03675
-5.02753
-5.01785
-5.00965
-5.00677
-5.01227
-5.02614
-5.04543
-5.06426
-5.08017
-5.08907
-5.09182
-5.08688
-5.07725
-5.06758
-5.06164
-5.05944
-5.05929
-5.06176
-5.06255
-5.06325
-5.06301
-5.0649
-5.06807
-5.07425
-5.0815
-5.08989
-5.09493
-5.09605
-5.09239
-5.08257
-5.06742
-5.04914
-5.03177
-5.01699
-5.00986
-5.00856
-5.01332
-5.01663
-5.01955
-5.02101
-5.02409
-5.03207
-5.04279
-5.05452
-5.06336
-5.06644
-5.06371
-5.05483
-5.04141
-5.02619
-5.01054
-4.99583
-4.9848
-4.97744
-4.97575
-4.97876
-4.98504
-4.99109
-4.9942
-4.99386
-4.98851
-4.97948
-4.9688
-4.95294
-4.93516
-4.91471
-4.89501
-4.8758
-4.86147
-4.85361
-4.85368
-4.86157
-4.87659
-4.90072
-4.93004
-4.9643
-4.9984
-5.03069
-5.05626
-5.07587
-5.08797
-5.09496
-5.09633
-5.095
-5.09124
-5.08665
-5.08165
-5.07621
-5.07254
-5.06956
-5.0651
-5.05779
-5.04844
-5.03448
-5.01984
-5.0037
-4.99187
-4.98891
-4.99646
-5.01548
-5.04065
-5.06985
-5.09913
-5.12251
-5.13734
-5.14274
-5.14057
-5.13099
-5.11522
-5.09634
-5.07457
-5.0518
-5.03033
-5.01135
-4.99565
-4.98513
-4.97982
-4.98106
-4.98729
-4.99733
-5.00796
-5.01713
-5.02104
-5.01901
-5.01183
-5.00086
-4.98884
-4.98223
-4.98264
-4.99381
-5.01219
-5.03535
-5.05784
-5.07946
-5.09812
-5.11268
-5.12136
-5.12657
-5.12715
-5.12295
-5.11442
-5.10236
-5.08875
-5.07517
-5.06584
-5.06278
-5.06784
-5.07614
-5.08481
-5.09011
-5.09022
-5.08591
-5.07766
-5.07019
-5.06135
-5.05088
-5.03699
-5.01783
-4.99354
-4.96845
-4.9451
-4.92803
-4.92027
-4.92396
-4.93765
-4.95958
-4.986
-5.01385
-5.03822
-5.0561
-5.06705
-5.07019
-5.06467
-5.05033
-5.03161
-5.00998
-4.9883
-4.9726
-4.96517
-4.96703
-4.97342
-4.9834
-4.99077
-4.99561
-5.00024
-5.00565
-5.01343
-5.02243
-5.03264
-5.04267
-5.04936
-5.0532
-5.05555
-5.05294
-5.04637
-5.03572
-5.02215
-5.00936
-4.99738
-4.99181
-4.99485
-5.00636
-5.02352
-5.04429
-5.06491
-5.0837
-5.09748
-5.10794
-5.11904
-5.13236
-5.15046
-5.17236
-5.19314
-5.2113
-5.2222
-5.22574
-5.22107
-5.20892
-5.19055
-5.17038
-5.1511
-5.13458
-5.12363
-5.12017
-5.12442
-5.13217
-5.14069
-5.14833
-5.15017
-5.14703
-5.13879
-5.12782
-5.1203
-5.11417
-5.11021
-5.10581
-5.1024
-5.10003
-5.1011
-5.10774
-5.11888
-5.12926
-5.13511
-5.13393
-5.12325
-5.10256
-5.07522
-5.04584
-5.01827
-4.99724
-4.98477
-4.98136
-4.986
-4.99701
-5.00857
-5.02178
-5.03432
-5.04596
-5.05859
-5.07201
-5.08725
-5.10204
-5.11987
-5.13746
-5.15402
-5.1695
-5.18297
-5.19295
-5.19881
-5.20198
-5.2035
-5.20241
-5.2015
-5.19862
-5.19318
-5.18544
-5.17338
-5.15638
-5.13516
-5.11213
-5.08842
-5.06666
-5.04376
-5.02242
-5.00112
-4.98158
-4.96293
-4.94789
-4.94043
-4.93892
-4.94437
-4.95331
-4.98213
-5.0045
-5.02258
-5.03502
-5.03983
-5.03757
-5.02797
-5.01074
-4.9865
-4.95714
-4.92678
-4.89735
-4.8742
-4.854
-4.83865
-4.82699
-4.8176
-4.81282
-4.8095
-4.80847
-4.80995
-4.81419
-4.81947
-4.82432
-4.82886
-4.83269
-4.83251
-4.83509
-4.84153
-4.8555
-4.87821
-4.90593
-4.936
-4.96658
-4.99394
-5.01834
-5.03578
-5.0496
-5.05705
-5.06035
-5.05924
-5.05175
-5.04214
-5.03067
-5.01989
-5.01126
-5.00464
-4.99937
-4.99361
-4.98752
-4.97931
-4.96899
-4.95432
-4.93749
-4.92203
-4.9054
-4.89113
-4.87865
-4.87032
-4.86537
-4.86277
-4.86267
-4.86344
-4.86386
-4.86563
-4.86815
-4.87411
-4.88721
-4.906
-4.93012
-4.95886
-4.98927
-5.01733
-5.0404
-5.05577
-5.06448
-5.06787
-5.06895
-5.07117
-5.07688
-5.08815
-5.10377
-5.1237
-5.14314
-5.16265
-5.18153
-5.19753
-5.20915
-5.21583
-5.21591
-5.20885
-5.19326
-5.17152
-5.14734
-5.12503
-5.10357
-5.08408
-5.06358
-5.04029
-5.01175
-4.98024
-4.94844
-4.91867
-4.89511
-4.88365
-4.88552
-4.89792
-4.91665
-4.93378
-4.94795
-4.95548
-4.95539
-4.946
-4.92743
-4.89981
-4.86606
-4.82858
-4.79196
-4.76335
-4.74552
-4.74306
-4.75668
-4.78549
-4.8235
-4.86842
-4.91472
-4.95853
-4.99861
-5.0335
-5.06207
-5.08564
-5.10264
-5.11588
-5.12286
-5.1247
-5.12325
-5.11894
-5.11291
-5.10607
-5.09814
-5.08837
-5.07577
-5.05899
-5.0398
-5.02032
-5.00039
-4.98484
-4.97454
-4.97164
-4.97558
-4.98643
-5.00239
-5.01847
-5.03164
-5.0385
-5.03347
-5.01811
-4.99364
-4.9641
-4.93269
-4.90315
-4.88012
-4.86797
-4.86673
-4.87661
-4.89632
-4.92092
-4.94567
-4.96796
-4.98449
-4.99214
-4.99016
-4.98022
-4.96608
-4.95094
-4.93788
-4.92746
-4.9207
-4.9145
-4.90722
-4.89853
-4.88954
-4.88499
-4.88731
-4.89741
-4.91285
-4.92959
-4.94395
-4.95161
-4.9503
-4.939
-4.91858
-4.89371
-4.86995
-4.85374
-4.8486
-4.85475
-4.86838
-4.88263
-4.8934
-4.89503
-4.88787
-4.87449
-4.85899
-4.84796
-4.84732
-4.8584
-4.88636
-4.92688
-4.97603
-5.02954
-5.08142
-5.12516
-5.15826
-5.17791
-5.18551
-5.18171
-5.16767
-5.14686
-5.12255
-5.09659
-5.0764
-5.06413
-5.05816
-5.05654
-5.05685
-5.05755
-5.05575
-5.05174
-5.04452
-5.03471
-5.02341
-5.01123
-5.00242
-4.99545
-4.99387
-4.99473
-4.99851
-5.00305
-5.00729
-5.00708
-5.0025
-4.9934
-4.98017
-4.96162
-4.9423
-4.92069
-4.89979
-4.88187
-4.86638
-4.85763
-4.85671
-4.86637
-4.88652
-4.91331
-4.9439
-4.971
-4.9923
-5.00569
-5.01281
-5.01132
-5.00491
-4.99353
-4.97437
-4.9466
-4.9082
-4.86412
-4.81922
-4.78118
-4.7587
-4.75449
-4.76831
-4.79512
-4.82919
-4.86745
-4.90686
-4.94716
-4.98631
-5.02001
-5.04595
-5.0592
-5.05912
-5.0457
-5.02331
-4.9953
-4.96718
-4.94105
-4.92264
-4.91388
-4.91595
-4.92908
-4.94939
-4.97578
-5.0016
-5.0235
-5.04013
-5.05005
-5.05551
-5.05523
-5.05146
-5.04374
-5.03513
-5.03111
-5.03359
-5.0449
-5.05865
-5.06812
-5.06873
-5.05777
-5.03598
-5.00638
-4.97117
-4.93725
-4.90899
-4.89018
-4.88436
-4.89061
-4.90636
-4.92553
-4.94506
-4.95942
-4.96988
-4.97624
-4.9828
-4.9897
-4.99615
-5.00063
-5.002
-5.00263
-5.00707
-5.01808
-5.03469
-5.05313
-5.07007
-5.08309
-5.08742
-5.08716
-5.08349
-5.07956
-5.07661
-5.07246
-5.06493
-5.05271
-5.03894
-5.02395
-5.01416
-5.01158
-5.01805
-5.03269
-5.05166
-5.06923
-5.0802
-5.08291
-5.07365
-5.0538
-5.02631
-4.99597
-4.96803
-4.94667
-4.93563
-4.93937
-4.95481
-4.97714
-5.00306
-5.02655
-5.04327
-5.05393
-5.05915
-5.06092
-5.06149
-5.06043
-5.06199
-5.06083
-5.05767
-5.0515
-5.03912
-5.02049
-4.99509
-4.96498
-4.93626
-4.91549
-4.90461
-4.90322
-4.90973
-4.9193
-4.93022
-4.94595
-4.96523
-4.9905
-5.02191
-5.05679
-5.09183
-5.12329
-5.14849
-5.16502
-5.17202
-5.16943
-5.15804
-5.13964
-5.11764
-5.09552
-5.07605
-5.05848
-5.04731
-5.04149
-5.04225
-5.05059
-5.06337
-5.07841
-5.0912
-5.10127
-5.11078
-5.1197
-5.12924
-5.13697
-5.14087
-5.13787
-5.12459
-5.10454
-5.08457
-5.07436
-5.07991
-5.09584
-5.1084
-5.10868
-5.09398
-5.06712
-5.03501
-5.00556
-4.98797
-4.98239
-4.98633
-4.99337
-5.00113
-5.00873
-5.01716
-5.0273
-5.03964
-5.05032
-5.05923
-5.06217
-5.05816
-5.04595
-5.02084
-4.9852
-4.94136
-4.8985
-4.86297
-4.84082
-4.83578
-4.84714
-4.86879
-4.89677
-4.92809
-4.95877
-4.98546
-5.00619
-5.02116
-5.02896
-5.03318
-5.03812
-5.04702
-5.06221
-5.08208
-5.10587
-5.12713
-5.14272
-5.14944
-5.14352
-5.12868
-5.10764
-5.08488
-5.06261
-5.04682
-5.03507
-5.02516
-5.01555
-5.00552
-4.99582
-4.98239
-4.97054
-4.95869
-4.94818
-4.93897
-4.93251
-4.92668
-4.92379
-4.92479
-4.93132
-4.94035
-4.9515
-4.95926
-4.96362
-4.96165
-4.9577
-4.95761
-4.96547
-4.98595
-5.01503
-5.04762
-5.07521
-5.09562
-5.10698
-5.10919
-5.10918
-5.10824
-5.11369
-5.12377
-5.13773
-5.15276
-5.16403
-5.16822
-5.16466
-5.15736
-5.14499
-5.12997
-5.1121
-5.09197
-5.07163
-5.05077
-5.0313
-5.01313
-4.99591
-4.97631
-4.9549
-4.93136
-4.91018
-4.89576
-4.89238
-4.90165
-4.92073
-4.94777
-4.97625
-5.00176
-5.0215
-5.0354
-5.04414
-5.04667
-5.0443
-5.03833
-5.02813
-5.01075
-4.98614
-4.95537
-4.91777
-4.88308
-4.85941
-4.85446
-4.87079
-4.90135
-4.94054
-4.97888
-5.01217
-5.03741
-5.05369
-5.06445
-5.07027
-5.07564
-5.084
-5.09541
-5.10935
-5.12201
-5.12891
-5.12706
-5.11581
-5.09632
-5.0723
-5.04722
-5.02517
-5.00946
-5.00412
-5.00999
-5.02262
-5.03753
-5.04755
-5.04953
-5.0435
-5.03407
-5.02687
-5.02383
-5.02551
-5.02985
-5.03109
-5.02694
-5.02081
-5.01368
-4.99987
-4.98211
-4.9641
-4.94686
-4.93294
-4.92242
-4.91392
-4.91081
-4.91264
-4.92048
-4.93531
-4.95469
-4.97955
-5.00237
-5.02263
-5.03768
-5.04555
-5.04648
-5.03831
-5.02277
-5.003
-4.97845
-4.95533
-4.93368
-4.91511
-4.9
-4.89043
-4.88938
-4.89499
-4.90739
-4.92626
-4.94804
-4.96517
-4.98287
-4.99363
-5.00132
-5.00542
-5.00783
-5.00805
-5.00954
-5.01546
-5.02732
-5.04395
-5.06382
-5.08353
-5.1007
-5.11662
-5.12883
-5.13755
-5.14754
-5.1576
-5.16848
-5.17648
-5.18283
-5.18346
-5.17582
-5.15924
-5.13764
-5.11018
-5.07967
-5.04613
-5.01
-4.97438
-4.94408
-4.92358
-4.9158
-4.92268
-4.9387
-4.96037
-4.98395
-5.00289
-5.01561
-5.01761
-5.00984
-4.98838
-4.95972
-4.92864
-4.90061
-4.88145
-4.8752
-4.87839
-4.88742
-4.89911
-4.90593
-4.90749
-4.90334
-4.89696
-4.88992
-4.88675
-4.88901
-4.89689
-4.91002
-4.92867
-4.95242
-4.97903
-5.00705
-5.03257
-5.05259
-5.06365
-5.0639
-5.05305
-5.03554
-5.0144
-4.99377
-4.97478
-4.96219
-4.95814
-4.96446
-4.97796
-4.99536
-5.01272
-5.02797
-5.03797
-5.04214
-5.03647
-5.02221
-4.99788
-4.97092
-4.94674
-4.93128
-4.92495
-4.92658
-4.92849
-4.92575
-4.91394
-4.89321
-4.86817
-4.84726
-4.83905
-4.84434
-4.86677
-4.90151
-4.94367
-4.98724
-5.0257
-5.0544
-5.07139
-5.07694
-5.06999
-5.05397
-5.03347
-5.01169
-4.99351
-4.98065
-4.97526
-4.97624
-4.98093
-4.98892
-4.99816
-5.0049
-5.00833
-5.00804
-5.004
-4.99701
-4.9882
-4.97878
-4.97166
-4.96787
-4.96685
-4.96775
-4.969
-4.96962
-4.96864
-4.96439
-4.95757
-4.95324
-4.95043
-4.95212
-4.95704
-4.96424
-4.97372
-4.98181
-4.98716
-4.98814
-4.98587
-4.97936
-4.97111
-4.96082
-4.95267
-4.9476
-4.94999
-4.96362
-4.98595
-5.01584
-5.04871
-5.08042
-5.10714
-5.12375
-5.13193
-5.13094
-5.12369
-5.11392
-5.10153
-5.09005
-5.07484
-5.05516
-5.03173
-5.00391
-4.97277
-4.94286
-4.91541
-4.89691
-4.89227
-4.90175
-4.92034
-4.94132
-4.95655
-4.95985
-4.94584
-4.92
-4.88837
-4.86539
-4.85448
-4.85044
-4.84656
-4.84286
-4.84059
-4.84612
-4.86053
-4.88646
-4.91798
-4.94963
-4.97355
-4.9893
-4.99374
-4.98976
-4.98346
-4.97778
-4.97573
-4.9751
-4.97602
-4.97726
-4.97874
-4.98382
-4.99276
-5.00774
-5.02267
-5.03837
-5.04942
-5.05525
-5.05563
-5.04967
-5.0371
-5.01883
-4.99399
-4.96623
-4.93585
-4.90407
-4.87691
-4.85526
-4.84276
-4.83983
-4.84399
-4.85458
-4.87055
-4.89024
-4.90974
-4.92636
-4.93805
-4.94412
-4.94603
-4.94653
-4.94702
-4.95122
-4.9594
-4.97099
-4.98622
-5.00392
-5.02288
-5.04169
-5.06117
-5.07858
-5.08968
-5.09185
-5.08428
-5.06873
-5.04331
-5.01486
-4.98729
-4.96487
-4.95276
-4.94878
-4.953
-4.96673
-4.9844
-5.00311
-5.01938
-5.03141
-5.03865
-5.04178
-5.04077
-5.03483
-5.02286
-5.00512
-4.98284
-4.96156
-4.94674
-4.94154
-4.94592
-4.9532
-4.9597
-4.96121
-4.95884
-4.95138
-4.94228
-4.93308
-4.9253
-4.91906
-4.91845
-4.92194
-4.9333
-4.94794
-4.96742
-4.98947
-5.01789
-5.04714
-5.07699
-5.10505
-5.12721
-5.13984
-5.1425
-5.13642
-5.12508
-5.10854
-5.08602
-5.05613
-5.01945
-4.98053
-4.94114
-4.90897
-4.88646
-4.87508
-4.87532
-4.88534
-4.9053
-4.93282
-4.96397
-4.99266
-5.01189
-5.01998
-5.01682
-5.00481
-4.99235
-4.98387
-4.98284
-4.98939
-5.00042
-5.01194
-5.02202
-5.02966
-5.03064
-5.02683
-5.01597
-4.99827
-4.97513
-4.94625
-4.9144
-4.88484
-4.86228
-4.84922
-4.84755
-4.85666
-4.87523
-4.8996
-4.92587
-4.9529
-4.97996
-5.00544
-5.02898
-5.05033
-5.06555
-5.07499
-5.07811
-5.07359
-5.06318
-5.04914
-5.03214
-5.01338
-4.99252
-4.97569
-4.9596
-4.94847
-4.94496
-4.9475
-4.95002
-4.94913
-4.93814
-4.91823
-4.89117
-4.85981
-4.83069
-4.81108
-4.80847
-4.82276
-4.85157
-4.88525
-4.91859
-4.9443
-4.96289
-4.97216
-4.97555
-4.97602
-4.97733
-4.97944
-4.98265
-4.98689
-4.99216
-4.99601
-4.99917
-5.00328
-5.00531
-5.00412
-4.99612
-4.98403
