1.1
1.09894
1.09576
1.09035
1.08252
1.07197
1.05831
1.0411
1.0198
0.99388
0.96287
0.926499
0.884832
0.838412
0.788389
0.736587
0.685401
0.637515
0.595491
0.561327
0.536145
0.520109
0.512532
0.51213
0.517284
0.526279
0.53748
0.549454
0.561051
0.571446
0.580138
0.586943
0.59195
0.59544
0.59778
0.599323
0.600315
0.600847
0.60084
0.60006
0.598182
0.594886
0.589949
0.58332
0.575161
0.565866
0.556015
0.546267
0.537276
0.529616
0.52373
0.519931
0.518366
0.519004
0.521657
0.525978
0.531507
0.537715
0.544037
0.54993
0.554912
0.558625
0.560893
0.561738
0.561358
0.56008
0.558302
0.556424
0.554794
0.5537
0.5534
0.554105
0.555944
0.558913
0.562814
0.5673
0.57194
0.576323
0.580165
0.583321
0.585804
0.587759
0.589393
0.590928
0.592545
0.594347
0.596348
0.598471
0.600569
0.602461
0.603947
0.604845
0.605015
0.604382
0.602968
0.600906
0.598445
0.595888
0.593549
0.591684
0.590436
0.58979
0.589576
0.58953
0.589338
0.588725
0.587525
0.585705
0.583345
0.580548
0.577343
0.573631
0.569202
0.563833
0.557412
0.549997
0.541846
0.533398
0.525205
0.517842
0.511829
0.507558
0.505214
0.504745
0.505869
0.50813
0.511018
0.514103
0.51712
0.519974
0.522718
0.525507
0.528518
0.531908
0.535764
0.540065
0.544674
0.549369
0.553886
0.558005
0.561636
0.56484
0.56776
0.570518
0.573119
0.575412
0.577149
0.578101
0.578129
0.577222
0.575483
0.573118
0.570446
0.567894
0.565978
0.56526
0.566288
0.569488
0.575041
0.582782
0.592175
0.60239
0.612446
0.621408
0.628549
0.63344
0.635955
0.63621
0.63449
0.631188
0.626771
0.621712
0.616476
0.611475
0.607058
0.603477
0.600871
0.599269
0.598591
0.598647
0.599164
0.599832
0.600362
0.600543
0.600263
0.599515
0.598379
0.596995
0.595558
0.594315
0.593545
0.593528
0.594497
0.596559
0.599636
0.603438
0.607521
0.611421
0.614728
0.617176
0.618679
0.619294
0.619182
0.618571
0.617712
0.616838
0.616144
0.615769
0.615786
0.616182
0.61687
0.617697
0.618476
0.619021
0.619171
0.618818
0.617914
0.616473
0.614574
0.612348
0.60994
0.607476
0.605021
0.602536
0.599862
0.596761
0.592988
0.588411
0.583141
0.577601
0.572464
0.568435
0.565962
0.565065
0.565381
0.566416
0.567794
0.569394
0.571399
0.574211
0.578283
0.583957
0.591319
0.600103
0.609708
0.619309
0.628009
0.63501
0.639737
0.64189
0.641438
0.638591
0.633746
0.62745
0.620333
0.613032
0.606092
0.599896
0.594629
0.590285
0.586771
0.584001
0.581974
0.580788
0.580566
0.581329
0.582923
0.585019
0.587187
0.589029
0.590305
0.591026
0.591482
0.592143
0.593531
0.596067
0.599908
0.604873
0.610497
0.616197
0.621447
0.625871
0.629246
0.631477
0.632541
0.632444
0.63121
0.628858
0.625423
0.620959
0.615547
0.609328
0.6025
0.595329
0.588148
0.581293
0.575054
0.569639
0.565144
0.561559
0.558811
0.556831
0.555604
0.555194
0.555722
0.557304
0.559941
0.563429
0.567359
0.571199
0.574459
0.576891
0.57865
0.580297
0.582631
0.586285
0.591283
0.596873
0.601831
0.605051
0.606024
0.604944
0.60252
0.599678
0.597265
0.595869
0.595752
0.59687
0.598929
0.601447
0.60384
0.605506
0.605937
0.604832
0.602145
0.59805
0.592922
0.587265
0.581626
0.57654
0.57247
0.569771
0.568648
0.569168
0.571272
0.574787
0.579472
0.585021
0.591074
0.597254
0.603176
0.608477
0.612838
0.616034
0.617965
0.618679
0.618363
0.617309
0.615863
0.614362
0.613109
0.612299
0.611977
0.612027
0.612182
0.612075
0.611329
0.60964
0.606837
0.602927
0.598062
0.592485
0.586455
0.580158
0.573684
0.567035
0.560109
0.552735
0.544726
0.535962
0.526531
0.516832
0.507593
0.499741
0.494142
0.49134
0.491464
0.494333
0.499596
0.506836
0.51563
0.525519
0.535971
0.546398
0.556177
0.564717
0.571575
0.576524
0.579566
0.580914
0.580931
0.580026
0.578563
0.576786
0.574778
0.572503
0.569859
0.566752
0.563179
0.559263
0.555249
0.551489
0.548405
0.546413
0.545822
0.54676
0.549114
0.552547
0.556564
0.560602
0.564159
0.566872
0.56856
0.569243
0.569082
0.568305
0.567114
0.5656
0.563735
0.561369
0.558311
0.554452
0.549906
0.545152
0.541079
0.538836
0.539411
0.543095
0.549278
0.556733
0.564173
0.570686
0.575865
0.579711
0.582451
0.584378
0.585721
0.586573
0.586887
0.586521
0.585311
0.583158
0.580073
0.576209
0.571817
0.56715
0.562413
0.557761
0.553335
0.549307
0.545915
0.543433
0.542096
0.542042
0.54328
0.545684
0.54904
0.553085
0.557569
0.562273
0.566997
0.571554
0.575754
0.579406
0.582312
0.584291
0.585189
0.584889
0.58332
0.580472
0.576442
0.571444
0.565813
0.55996
0.554268
0.549011
0.544316
0.540195
0.536636
0.533703
0.531584
0.530551
0.530876
0.53271
0.535995
0.540445
0.545583
0.550799
0.555447
0.558937
0.560831
0.560894
0.559124
0.555713
0.550976
0.545268
0.538887
0.532049
0.524948
0.51783
0.511063
0.505137
0.500622
0.498073
0.497929
0.50046
0.50574
0.51366
0.523939
0.536095
0.549365
0.562699
0.574878
0.584749
0.591476
0.594736
0.594752
0.592192
0.587962
0.582943
0.577809
0.572978
0.568628
0.564764
0.561324
0.558208
0.55528
0.552388
0.549406
0.546267
0.54297
0.539549
0.536032
0.532453
0.528868
0.52538
0.522186
0.519572
0.517885
0.517436
0.518409
0.520799
0.524376
0.528721
0.533297
0.537554
0.541007
0.543287
0.544178
0.543634
0.541808
0.539017
0.535705
0.532389
0.529553
0.527574
0.526665
0.526885
0.528149
0.53028
0.533054
0.536173
0.53927
0.541963
0.543976
0.545237
0.545872
0.546138
0.546278
0.546405
0.546455
0.546233
0.545526
0.544206
0.542315
0.54011
0.538049
0.53669
0.536539
0.537917
0.540852
0.545097
0.55022
0.555718
0.561115
0.566001
0.570062
0.573088
0.574995
0.575821
0.57573
0.574996
0.57397
0.573061
0.57265
0.573041
0.574469
0.57705
0.580783
0.585577
0.591277
0.597667
0.604474
0.611385
0.618057
0.624099
0.629103
0.632708
0.634631
0.634667
0.632689
0.628656
0.622606
0.614677
0.605132
0.594352
0.582788
0.570896
0.55905
0.547529
0.53656
0.526402
0.517419
0.510063
0.504789
0.501967
0.501803
0.504305
0.509274
0.516345
0.525032
0.534761
0.544911
0.554878
0.564157
0.572391
0.579395
0.58513
0.589645
0.593006
0.595282
0.59653
0.596844
0.596383
0.595362
0.594025
0.592593
0.591194
0.589835
0.588399
0.586641
0.584234
0.580844
0.57622
0.570276
0.563175
0.5554
0.547717
0.541098
0.536537
0.534779
0.536099
0.540223
0.546413
0.553668
0.560951
0.567345
0.572173
0.575062
0.575915
0.574889
0.572333
0.568695
0.564413
0.559847
0.555244
0.550737
0.546379
0.542185
0.538178
0.534412
0.530979
0.528037
0.52585
0.524761
0.525138
0.527296
0.531376
0.537284
0.544672
0.553022
0.561744
0.570293
0.578211
0.585146
0.590871
0.595254
0.598275
0.600045
0.600785
0.600801
0.600404
0.599857
0.599341
0.598942
0.598689
0.5986
0.598695
0.59901
0.599579
0.600412
0.60147
0.60262
0.603644
0.60428
0.604251
0.603298
0.601234
0.597984
0.593643
0.588535
0.583207
0.5783
0.574374
0.571718
0.570291
0.569842
0.570084
0.570871
0.572216
0.574197
0.576849
0.580075
0.583652
0.587266
0.590558
0.593157
0.594671
0.594694
0.5928
0.588577
0.581722
0.572216
0.560544
0.547829
0.535735
0.525963
0.519612
0.516879
0.517253
0.519936
0.524141
0.529145
0.534296
0.539008
0.542825
0.545492
0.546994
0.547531
0.547481
0.547299
0.54739
0.548013
0.549241
0.551001
0.553169
0.55566
0.558458
0.561567
0.564966
0.568574
0.572251
0.575793
0.578955
0.581481
0.58315
0.583834
0.583501
0.582203
0.580018
0.577009
0.573199
0.56859
0.563202
0.557113
0.550489
0.543597
0.536791
0.530459
0.524967
0.520591
0.517469
0.515569
0.514684
0.514478
0.514585
0.514726
0.514806
0.514958
0.515489
0.516768
0.519086
0.522526
0.526915
0.531846
0.536756
0.541049
0.544217
0.545955
0.546209
0.545155
0.543145
0.540616
0.537995
0.53563
0.533757
0.532517
0.531978
0.532173
0.533139
0.534929
0.537628
0.541314
0.546023
0.551709
0.558241
0.565419
0.573031
0.580857
0.588679
0.596274
0.603386
0.60976
0.61513
0.619204
0.621692
0.622314
0.620829
0.617092
0.611105
0.603053
0.593327
0.582522
0.571392
0.560745
0.551323
0.543698
0.538219
0.535006
0.534006
0.535056
0.537934
0.54237
0.548047
0.554612
0.56166
0.568736
0.575364
0.581084
0.58552
0.588392
0.589534
0.588899
0.586553
0.582674
0.577539
0.571528
0.565114
0.558813
0.553143
0.548562
0.545405
0.543855
0.54394
0.545561
0.548524
0.552588
0.557466
0.562811
0.568186
0.573085
0.576996
0.579515
0.580427
0.579702
0.577448
0.573901
0.569396
0.564352
0.559214
0.554413
0.550328
0.54726
0.545439
0.544994
0.545926
0.548098
0.551263
0.555093
0.559213
0.563242
0.566833
0.569747
0.57191
0.573421
0.574522
0.575507
0.576611
0.577901
0.579243
0.580332
0.58076
0.580112
0.578046
0.574348
0.569006
0.562282
0.554758
0.547332
0.541089
0.537034
0.535801
0.537477
0.541634
0.54753
0.554342
0.561341
0.567949
0.573755
0.5785
0.582053
0.584373
0.585502
0.585565
0.58472
0.583095
0.580751
0.577652
0.573685
0.568721
0.562726
0.555833
0.548398
0.541
0.53437
0.529244
0.526207
0.525548
0.527204
0.530833
0.535925
0.541917
0.548268
0.554489
0.560137
0.564821
0.568249
0.570265
0.570904
0.570357
0.568917
0.566917
0.564669
0.562445
0.560471
0.558912
0.557847
0.557254
0.557011
0.556909
0.556687
0.556078
0.554848
0.552847
0.550047
0.54658
0.542724
0.538882
0.535544
0.533196
0.532218
0.532776
0.534735
0.537654
0.540868
0.543637
0.545354
0.545681
0.544613
0.542488
1.10144
1.10322
1.09983
1.09208
1.08062
1.06607
1.04911
1.03063
1.01161
0.992829
0.974534
0.956501
0.938513
0.92092
0.90485
0.89193
0.883657
0.880733
0.882676
0.887991
0.89482
0.901684
0.907878
0.913287
0.917943
0.921771
0.924541
0.92595
0.925661
0.923343
0.918802
0.912224
0.904494
0.897308
0.892695
0.891902
0.89448
0.89855
0.902011
0.903631
0.903284
0.901514
0.89896
0.896034
0.892918
0.889578
0.885692
0.880762
0.874494
0.86721
0.859854
0.853538
0.848895
0.845706
0.843156
0.840426
0.837178
0.833712
0.830836
0.829524
0.8306
0.834541
0.841379
0.850726
0.861909
0.874075
0.886304
0.897723
0.907586
0.9153
0.920462
0.922905
0.922687
0.920062
0.915403
0.909093
0.901459
0.892763
0.883243
0.873268
0.863512
0.855047
0.849195
0.847058
0.848976
0.854266
0.861503
0.869174
0.876254
0.882471
0.888194
0.894118
0.900889
0.908778
0.917498
0.926219
0.93377
0.938927
0.94076
0.938927
0.933778
0.926245
0.917604
0.90921
0.902216
0.897373
0.894997
0.895101
0.897586
0.902337
0.909171
0.917685
0.927157
0.936647
0.945199
0.952035
0.956678
0.958971
0.95902
0.957128
0.953707
0.949254
0.944347
0.939617
0.935682
0.933012
0.93175
0.931652
0.932131
0.932438
0.931934
0.930299
0.927702
0.92482
0.922614
0.921867
0.922631
0.923912
0.924001
0.921357
0.915432
0.906936
0.897608
0.889733
0.885543
0.886601
0.893253
0.904391
0.917839
0.931167
0.942432
0.950491
0.954915
0.955791
0.953554
0.948806
0.942232
0.934538
0.926426
0.918616
0.911876
0.907024
0.904888
0.906146
0.911068
0.919261
0.929555
0.940151
0.948987
0.954178
0.954417
0.94921
0.93898
0.925005
0.909123
0.893241
0.878838
0.866793
0.857594
0.851755
0.850029
0.853096
0.860827
0.871806
0.883737
0.894558
0.903252
0.909722
0.914052
0.915936
0.914668
0.909524
0.900138
0.886671
0.869767
0.85045
0.830068
0.810316
0.793162
0.780567
0.773974
0.773843
0.779639
0.790213
0.804285
0.820722
0.838518
0.856687
0.874251
0.890293
0.904043
0.91498
0.922926
0.928056
0.930833
0.931922
0.932068
0.931895
0.931757
0.93171
0.931576
0.931084
0.930046
0.928532
0.926893
0.925609
0.925045
0.925186
0.925482
0.924988
0.922761
0.918166
0.910996
0.901355
0.889515
0.875881
0.861118
0.846342
0.833083
0.823007
0.817456
0.817025
0.821438
0.829763
0.840808
0.853541
0.867334
0.881972
0.897347
0.913031
0.928059
0.941026
0.950508
0.955514
0.955712
0.951427
0.943533
0.933268
0.922031
0.911153
0.901706
0.894384
0.889439
0.886749
0.885919
0.886418
0.887791
0.889805
0.892457
0.895882
0.900173
0.905227
0.91069
0.916004
0.920569
0.923943
0.925963
0.926754
0.926592
0.925684
0.924035
0.921534
0.91818
0.91431
0.910638
0.908046
0.907215
0.908329
0.911009
0.914457
0.917718
0.91992
0.9204
0.918722
0.91466
0.908189
0.899552
0.889314
0.878285
0.867317
0.857072
0.847921
0.840055
0.833647
0.828967
0.826336
0.825914
0.827458
0.83019
0.832897
0.83424
0.833108
0.828955
0.822018
0.813335
0.80455
0.797525
0.793848
0.794397
0.799099
0.807
0.816683
0.826816
0.836544
0.845528
0.853704
0.860968
0.867009
0.871343
0.873422
0.872726
0.868857
0.861576
0.850832
0.83685
0.820287
0.802457
0.785554
0.772564
0.766422
0.768595
0.778205
0.792497
0.808261
0.823102
0.835913
0.8467
0.856117
0.864912
0.873431
0.881382
0.88792
0.891973
0.892661
0.88964
0.883341
0.87502
0.866553
0.859974
0.856842
0.857731
0.862082
0.868405
0.874734
0.879191
0.880509
0.87839
0.873535
0.867352
0.861541
0.857767
0.857434
0.86144
0.86991
0.882035
0.89616
0.910115
0.921697
0.929102
0.931248
0.928012
0.92034
0.910085
0.89941
0.889933
0.882137
0.875453
0.868881
0.861747
0.85423
0.847444
0.842907
0.841587
0.843153
0.846007
0.848032
0.847465
0.843417
0.835986
0.826152
0.815543
0.806167
0.800095
0.798993
0.803508
0.812856
0.824939
0.837061
0.846877
0.8531
0.855768
0.856162
0.856462
0.859118
0.86602
0.877758
0.89335
0.910671
0.927327
0.941464
0.952095
0.958972
0.962336
0.962698
0.960662
0.956824
0.951735
0.945925
0.93992
0.934263
0.929471
0.925937
0.923849
0.923131
0.923427
0.924202
0.924911
0.925126
0.924621
0.923369
0.921494
0.919237
0.91691
0.914838
0.913259
0.912192
0.911374
0.910294
0.908342
0.905015
0.900144
0.894
0.887187
0.88036
0.873967
0.868169
0.862919
0.858116
0.853675
0.84958
0.845935
0.842991
0.841098
0.840565
0.841501
0.843652
0.846361
0.848728
0.849929
0.849582
0.84801
0.846187
0.845345
0.846491
0.850057
0.855849
0.863272
0.871635
0.880376
0.88909
0.8974
0.904841
0.910875
0.915037
0.917086
0.917094
0.915486
0.912939
0.910238
0.908037
0.906632
0.905949
0.905714
0.90568
0.905733
0.905885
0.906272
0.90715
0.908718
0.910893
0.913268
0.915296
0.916451
0.916255
0.914264
0.910112
0.903635
0.894983
0.884737
0.873993
0.864323
0.857447
0.85477
0.856967
0.863866
0.874631
0.888014
0.90258
0.916913
0.929751
0.940083
0.947224
0.950824
0.950879
0.947738
0.942052
0.934695
0.92666
0.918902
0.912224
0.907256
0.904527
0.904578
0.907919
0.914742
0.924479
0.935535
0.945467
0.951587
0.951731
0.944911
0.931699
0.9142
0.895505
0.8787
0.865824
0.857449
0.85305
0.85174
0.852895
0.856351
0.862193
0.870406
0.880531
0.891531
0.901994
0.910563
0.916345
0.919122
0.919324
0.917837
0.915706
0.913857
0.912966
0.913457
0.915602
0.91961
0.925583
0.933418
0.942634
0.952319
0.961195
0.967841
0.971036
0.970071
0.964983
0.956516
0.945854
0.934257
0.922785
0.912177
0.902936
0.895365
0.889454
0.884824
0.881042
0.878237
0.877382
0.879781
0.886009
0.895187
0.905237
0.913796
0.919091
0.920249
0.917174
0.910268
0.90026
0.888199
0.875555
0.864154
0.855654
0.850708
0.848427
0.846697
0.843278
0.836916
0.82784
0.817619
0.808574
0.803011
0.802548
0.807781
0.818299
0.832989
0.850373
0.868775
0.88636
0.901211
0.911584
0.916266
0.914914
0.908211
0.897741
0.885553
0.873565
0.863096
0.85483
0.849079
0.845929
0.84504
0.845408
0.845644
0.844658
0.842177
0.838771
0.835522
0.833552
0.833646
0.836084
0.840658
0.846824
0.853884
0.861102
0.867843
0.873686
0.878507
0.882497
0.886119
0.889997
0.89477
0.900941
0.908779
0.918236
0.928894
0.939966
0.950425
0.959212
0.965409
0.96836
0.96772
0.963475
0.955951
0.945851
0.934218
0.922284
0.911291
0.902272
0.89588
0.892362
0.891674
0.893507
0.897115
0.901212
0.904255
0.904986
0.902858
0.898123
0.891653
0.884636
0.878243
0.873356
0.870482
0.869763
0.871107
0.874317
0.879132
0.885201
0.892117
0.899517
0.907173
0.915
0.922949
0.930877
0.938441
0.94519
0.950724
0.95476
0.957141
0.957824
0.956877
0.954494
0.950992
0.946761
0.942165
0.937448
0.932673
0.927685
0.922152
0.915785
0.908654
0.901492
0.895722
0.893061
0.894829
0.901311
0.91169
0.924513
0.938239
0.951559
0.963463
0.973143
0.979917
0.983183
0.982411
0.977169
0.967138
0.952217
0.9327
0.909425
0.883878
0.858105
0.834466
0.815186
0.801874
0.795245
0.795109
0.800588
0.810421
0.823213
0.83757
0.852133
0.865682
0.877312
0.886607
0.8937
0.899103
0.903483
0.907514
0.911728
0.916366
0.92136
0.926529
0.931895
0.937836
0.944903
0.953361
0.962878
0.97261
0.981494
0.988482
0.992649
0.993196
0.989429
0.980806
0.967027
0.948167
0.924905
0.898802
0.872314
0.848336
0.829314
0.816456
0.809639
0.807899
0.810023
0.814852
0.821392
0.828867
0.836718
0.844574
0.852235
0.859607
0.86663
0.873277
0.879595
0.885656
0.891467
0.896874
0.901512
0.904899
0.906613
0.906439
0.904424
0.900785
0.895716
0.889256
0.881374
0.872196
0.862196
0.852197
0.843164
0.835955
0.831146
0.828994
0.829526
0.832626
0.838091
0.845654
0.854954
0.865526
0.876818
0.888197
0.899036
0.908791
0.917089
0.923753
0.928678
0.931711
0.932689
0.931703
0.929386
0.926885
0.92535
0.925279
0.926286
0.927344
0.927244
0.924962
0.919897
0.912025
0.90195
0.890749
0.879628
0.869646
0.861678
0.856479
0.854625
0.856213
0.860583
0.866348
0.871879
0.875947
0.878082
0.878635
0.878586
0.879219
0.881781
0.887123
0.895434
0.906168
0.918243
0.930429
0.941731
0.951543
0.959587
0.96574
0.969868
0.971742
0.971112
0.967903
0.962401
0.955358
0.947771
0.940464
0.933716
0.927198
0.920329
0.912812
0.904955
0.897673
0.892137
0.889328
0.889745
0.893295
0.899414
0.907301
0.916097
0.924998
0.933288
0.940317
0.945556
0.948623
0.949278
0.947465
0.943313
0.937155
0.929535
0.921085
0.912386
0.903943
0.896269
0.890087
0.886344
0.885985
0.889582
0.896971
0.907152
0.918524
0.929316
0.938021
0.94369
0.946001
0.945069
0.941151
0.934412
0.924855
0.912445
0.897318
0.879999
0.861588
0.843792
0.828822
0.819022
0.816223
0.821059
0.832671
0.848999
0.867488
0.885868
0.902588
0.916843
0.928347
0.937073
0.943108
0.946587
0.947732
0.946859
0.944319
0.940457
0.93557
0.929854
0.923433
0.916472
0.909287
0.902352
0.896159
0.891034
0.887063
0.884199
0.882478
0.882155
0.883487
0.886336
0.889986
0.89342
0.895865
0.897218
0.898082
0.899432
0.902075
0.906177
0.911073
0.915491
0.917998
0.917437
0.913281
0.9059
0.896678
0.88789
0.88221
0.881734
0.887074
0.897286
0.910585
0.925176
0.939598
0.952573
0.962805
0.969061
0.970463
0.966674
0.957885
0.944654
0.927694
0.907793
0.885871
0.863142
0.841254
0.82222
0.808046
0.8001
0.798591
0.802584
0.810498
0.820643
0.831565
0.842157
0.851703
0.859833
0.866418
0.87142
0.874862
0.876898
0.877769
0.877623
0.876341
0.873625
0.869446
0.864558
1.10449
1.11702
1.12845
1.13746
1.14249
1.14236
1.13667
1.12606
1.11214
1.09726
1.08352
1.07166
1.06059
1.04826
1.03311
1.01504
0.995578
0.977363
0.963249
0.955454
0.954993
0.961599
0.974058
0.990588
1.00897
1.02669
1.04142
1.05181
1.05776
1.06018
1.05999
1.05743
1.05216
1.04405
1.03387
1.02331
1.01432
1.00816
1.00484
1.00314
1.00129
0.9977
0.9915
0.982801
0.972643
0.962719
0.954979
0.95111
0.952128
0.958181
0.968598
0.982124
0.997126
1.01169
1.02372
1.0313
1.03329
1.02999
1.02327
1.01604
1.01085
1.00877
1.00932
1.01139
1.01423
1.0178
1.02259
1.02908
1.03733
1.04683
1.05644
1.06473
1.07038
1.07247
1.07071
1.06541
1.05742
1.04788
1.03801
1.02887
1.02113
1.01496
1.01013
1.00624
1.00292
0.999996
0.997414
0.995193
0.993536
0.993018
0.994633
0.999561
1.00859
1.02159
1.03741
1.05428
1.0705
1.08495
1.09716
1.10712
1.11498
1.12098
1.12551
1.12902
1.13184
1.13401
1.13523
1.13514
1.13345
1.13009
1.12532
1.11969
1.114
1.10913
1.10579
1.10428
1.10435
1.10525
1.10597
1.10551
1.10311
1.09838
1.09126
1.08188
1.07037
1.05691
1.04225
1.02836
1.01838
1.01498
1.01829
1.02565
1.03354
1.03952
1.04287
1.04424
1.04498
1.04618
1.04798
1.04932
1.04848
1.04417
1.03653
1.02745
1.01982
1.01596
1.0162
1.01908
1.02283
1.02681
1.03164
1.03822
1.04677
1.05656
1.06647
1.07573
1.08412
1.09185
1.09918
1.10627
1.11321
1.12007
1.12668
1.13241
1.13607
1.13606
1.13077
1.11912
1.10105
1.078
1.05293
1.0297
1.01163
1.00021
0.994867
0.993858
0.995402
0.998393
1.00255
1.00807
1.01511
1.02324
1.03152
1.03901
1.04531
1.05078
1.05631
1.06284
1.07081
1.07966
1.08767
1.09211
1.08998
1.07932
1.06109
1.0405
1.02562
1.02231
1.02989
1.04268
1.05514
1.06452
1.07064
1.07473
1.07837
1.08283
1.08847
1.09467
1.10005
1.103
1.10238
1.09807
1.09116
1.08348
1.0768
1.07222
1.0702
1.07061
1.07235
1.07331
1.07133
1.06581
1.05859
1.05361
1.05505
1.06486
1.08138
1.10024
1.11676
1.1279
1.13282
1.13239
1.12851
1.12342
1.11919
1.11706
1.11716
1.11849
1.11947
1.11851
1.11477
1.10852
1.10126
1.09513
1.09169
1.09077
1.09017
1.08676
1.07826
1.06452
1.0474
1.02969
1.01368
1.00044
0.98992
0.981706
0.975407
0.970841
0.967968
0.966712
0.966859
0.968036
0.969767
0.971542
0.972845
0.973281
0.972725
0.971389
0.969818
0.968769
0.969122
0.971867
0.978022
0.988248
1.00232
1.01889
1.03587
1.05108
1.06298
1.07074
1.07409
1.07303
1.06783
1.05927
1.04881
1.03867
1.03133
1.02871
1.03122
1.03763
1.04577
1.05376
1.06092
1.06805
1.0766
1.08733
1.09937
1.1104
1.11768
1.11927
1.11479
1.10565
1.09468
1.08525
1.08017
1.08071
1.08618
1.09438
1.10256
1.10834
1.11024
1.10784
1.10157
1.09236
1.08132
1.06946
1.05757
1.04638
1.03667
1.02902
1.02341
1.01919
1.01594
1.01449
1.01681
1.02468
1.03823
1.05563
1.07407
1.09101
1.10479
1.11451
1.11959
1.11948
1.11368
1.10196
1.08472
1.06306
1.03866
1.01343
0.989152
0.967509
0.950495
0.940335
0.938278
0.94319
0.951959
0.961488
0.970119
0.977525
0.983914
0.989551
0.994614
0.999198
1.00344
1.00772
1.01271
1.01927
1.02807
1.0394
1.0529
1.06732
1.08055
1.09012
1.09403
1.09138
1.08263
1.06955
1.0547
1.04081
1.03018
1.02435
1.02407
1.02935
1.03943
1.05283
1.06769
1.0822
1.095
1.10521
1.11216
1.11517
1.11368
1.10748
1.09684
1.08248
1.0656
1.04831
1.03408
1.02699
1.0293
1.03975
1.05459
1.06994
1.0831
1.0927
1.09846
1.10095
1.10126
1.10051
1.09947
1.09833
1.09679
1.09427
1.09024
1.08462
1.07784
1.07083
1.06474
1.06074
1.05986
1.06288
1.07025
1.08191
1.09702
1.11393
1.13043
1.1442
1.15331
1.15659
1.15368
1.14493
1.13122
1.11367
1.09345
1.07158
1.04898
1.02673
1.00621
0.989082
0.976957
0.971002
0.971653
0.978674
0.991297
1.00823
1.02746
1.04624
1.06161
1.07127
1.07419
1.07082
1.06273
1.05198
1.04045
1.02954
1.02021
1.01333
1.00984
1.01055
1.01556
1.02389
1.03347
1.04165
1.04591
1.0445
1.0368
1.02342
1.00624
0.988629
0.975394
0.97156
0.979673
0.997785
1.0205
1.04226
1.05979
1.07227
1.08031
1.085
1.0873
1.08786
1.08708
1.08535
1.08331
1.08201
1.08247
1.08502
1.08881
1.09217
1.09341
1.09146
1.086
1.07747
1.0668
1.05527
1.0442
1.03457
1.02689
1.02125
1.01761
1.01601
1.01672
1.01994
1.02529
1.03152
1.03674
1.0394
1.03931
1.03771
1.03619
1.03537
1.03465
1.03311
1.03039
1.02682
1.02311
1.02012
1.01862
1.01937
1.02281
1.02875
1.03598
1.04265
1.04698
1.04798
1.04565
1.04072
1.03446
1.02834
1.02355
1.02074
1.0198
1.01999
1.02034
1.02015
1.01931
1.01827
1.0177
1.01812
1.01982
1.02299
1.02768
1.03365
1.04007
1.04561
1.04866
1.04777
1.0421
1.03174
1.01769
1.0017
0.985795
0.971961
0.961912
0.957039
0.958359
0.966225
0.979923
0.997611
1.01683
1.03526
1.05128
1.06418
1.07399
1.08109
1.08587
1.08849
1.08895
1.08729
1.08381
1.07916
1.07432
1.07041
1.06858
1.06976
1.07445
1.08258
1.09329
1.10513
1.11653
1.12625
1.13371
1.13901
1.14253
1.14454
1.14492
1.14313
1.13847
1.13054
1.11942
1.10574
1.09056
1.07516
1.06079
1.04847
1.0389
1.03253
1.02953
1.02988
1.03325
1.03906
1.04667
1.05541
1.06459
1.07337
1.08062
1.08507
1.08572
1.08227
1.07541
1.06664
1.05765
1.04955
1.04251
1.03614
1.03031
1.0256
1.02314
1.02395
1.02831
1.03532
1.04319
1.05
1.0545
1.0564
1.05611
1.05431
1.05166
1.04872
1.0459
1.04336
1.04086
1.03784
1.03357
1.02736
1.0188
1.00802
0.99579
0.983383
0.972422
0.964612
0.961513
0.964263
0.973065
0.986647
1.00227
1.01655
1.02671
1.03158
1.0318
1.02936
1.02682
1.0264
1.02937
1.03587
1.04509
1.05574
1.06659
1.07651
1.08449
1.08958
1.09103
1.08848
1.08212
1.07275
1.06154
1.04997
1.03958
1.03167
1.02704
1.0257
1.02688
1.02944
1.03237
1.03546
1.03933
1.04473
1.05151
1.0583
1.063
1.06378
1.05974
1.05118
1.03933
1.02592
1.01281
1.00181
0.994459
0.991678
0.993299
0.998006
1.00387
1.00906
1.01218
1.01248
1.00986
1.00492
0.99904
0.994161
0.992072
0.993643
0.998553
1.00572
1.01405
1.02286
1.03182
1.04079
1.04968
1.05856
1.0677
1.07739
1.08759
1.09766
1.10628
1.1118
1.11278
1.10839
1.09881
1.08531
1.06998
1.05515
1.04269
1.03365
1.02815
1.0253
1.02345
1.02079
1.0161
1.00918
1.00078
0.992399
0.986059
0.983984
0.987907
0.998235
1.01374
1.03213
1.05096
1.06836
1.08319
1.09496
1.10373
1.10998
1.11455
1.11847
1.12267
1.12784
1.13422
1.14144
1.1485
1.15399
1.15656
1.15536
1.15016
1.14119
1.12885
1.11354
1.09563
1.07567
1.05455
1.03361
1.01477
1.00031
0.992314
0.991802
0.998191
1.00956
1.02354
1.03809
1.05168
1.06327
1.07228
1.07858
1.08248
1.08451
1.08517
1.08479
1.08366
1.08218
1.08106
1.08123
1.08353
1.08824
1.09485
1.10207
1.10829
1.1121
1.11255
1.10937
1.10287
1.09387
1.08337
1.07228
1.0613
1.05082
1.04096
1.03158
1.02231
1.01282
1.00308
0.993548
0.985046
0.978366
0.973842
0.971147
0.969454
0.967716
0.964822
0.959713
0.951725
0.941178
0.929832
0.920798
0.917704
0.923408
0.938651
0.961362
0.987192
1.01109
1.0291
1.03937
1.04238
1.04029
1.03608
1.03244
1.03113
1.03262
1.03634
1.04115
1.0458
1.04939
1.05148
1.05203
1.05098
1.048
1.04273
1.03524
1.02625
1.01706
1.0093
1.00476
1.00525
1.01222
1.02611
1.04577
1.06861
1.09142
1.11128
1.12599
1.13421
1.13548
1.13037
1.12057
1.10863
1.09724
1.08827
1.08215
1.07812
1.07487
1.07104
1.06548
1.05735
1.04643
1.03316
1.01871
1.00484
0.993579
0.986693
0.985129
0.988718
0.996344
1.00647
1.0177
1.02911
1.04013
1.05026
1.05881
1.06489
1.06765
1.06668
1.06226
1.0555
1.04802
1.04135
1.03633
1.03298
1.03075
1.02913
1.0278
1.02667
1.0257
1.02482
1.02404
1.02333
1.02232
1.02017
1.01618
1.01077
1.00633
1.00658
1.01447
1.03041
1.05248
1.07789
1.10383
1.12768
1.14711
1.16043
1.1669
1.16689
1.16173
1.15327
1.14322
1.1326
1.12168
1.1103
1.09842
1.08643
1.07525
1.06602
1.05973
1.05684
1.05718
1.06006
1.06452
1.06956
1.07401
1.07643
1.07507
1.06836
1.05552
1.03709
1.01521
0.993125
0.974308
0.961238
0.954584
0.953205
0.955026
0.958225
0.961937
0.966225
0.971568
0.978202
0.985754
0.993287
0.999681
1.00413
1.00654
1.0077
1.00915
1.0125
1.01868
1.0275
1.03789
1.04858
1.05864
1.06756
1.07513
1.0814
1.08654
1.09088
1.09478
1.09857
1.10234
1.10596
1.10901
1.11087
1.11095
1.1089
1.10474
1.09884
1.09174
1.08396
1.07589
1.06769
1.05929
1.05044
1.04077
1.03002
1.01838
1.00665
0.996179
0.988294
0.983779
0.982762
0.984941
0.989807
0.996637
1.0044
1.01181
1.01755
1.02074
1.02115
1.01938
1.01672
1.01486
1.01533
1.0189
1.02539
1.03403
1.0439
1.05421
1.06414
1.07288
1.07968
1.08404
1.08582
1.08533
1.10347
1.11308
1.12121
1.12722
1.13051
1.13064
1.12734
1.12035
1.10946
1.09474
1.0769
1.05745
1.03866
1.02326
1.0139
1.01232
1.01849
1.03011
1.04287
1.05153
1.05139
1.03968
1.01671
0.98678
0.958024
0.939966
0.939065
0.955579
0.984455
1.01876
1.05268
1.08274
1.10764
1.1275
1.14301
1.15493
1.16388
1.1702
1.17387
1.1745
1.17158
1.16483
1.15459
1.14182
1.12768
1.11308
1.09848
1.08435
1.07169
1.06217
1.05765
1.05947
1.06798
1.08242
1.10104
1.12127
1.14021
1.15541
1.16535
1.16943
1.16769
1.16068
1.14947
1.13567
1.12122
1.1081
1.0979
1.09169
1.08984
1.09192
1.09685
1.10315
1.10935
1.1141
1.11625
1.11488
1.10943
1.09999
1.08761
1.07472
1.06459
1.05963
1.05971
1.06247
1.06523
1.06644
1.06569
1.06305
1.05848
1.05168
1.04217
1.02973
1.01485
0.998841
0.983697
0.971569
0.964122
0.96209
0.965179
0.972184
0.981325
0.990795
0.999326
1.00647
1.01247
1.01795
1.0235
1.02951
1.0361
1.04327
1.05103
1.05914
1.06684
1.0728
1.07569
1.07484
1.07062
1.06419
1.05703
1.05039
1.04505
1.04121
1.03877
1.03778
1.03897
1.04336
1.05129
1.06176
1.07266
1.08158
1.08628
1.08503
1.07675
1.06138
1.04027
1.0164
0.994226
0.978735
0.973749
0.980432
0.996953
1.01939
1.04318
1.06426
1.07976
1.08829
1.0899
1.08596
1.07899
1.07202
1.06757
1.06657
1.06804
1.07003
1.0709
1.07028
1.06899
1.06833
1.06925
1.07184
1.07537
1.07883
1.08152
1.08336
1.08488
1.0869
1.09005
1.09445
1.09982
1.10575
1.11184
1.11759
1.12217
1.12445
1.1233
1.11811
1.10912
1.09743
1.08458
1.07184
1.05986
1.04881
1.03884
1.03056
1.02508
1.02356
1.02659
1.03382
1.0443
1.05693
1.07084
1.08525
1.09925
1.11161
1.12095
1.12598
1.12578
1.12003
1.10914
1.09427
1.07725
1.06045
1.04654
1.03819
1.03739
1.04499
1.06036
1.08164
1.10634
1.13181
1.15555
1.17536
1.18961
1.19746
1.19885
1.1945
1.18574
1.17433
1.16194
1.14989
1.139
1.12971
1.12219
1.11651
1.11254
1.10992
1.10801
1.10596
1.1029
1.09813
1.09133
1.0827
1.07307
1.06371
1.05603
1.05119
1.04978
1.05173
1.05632
1.06239
1.06848
1.07313
1.075
1.07321
1.06778
1.05988
1.0516
1.0452
1.04244
1.0441
1.04959
1.05716
1.06455
1.06987
1.0722
1.07167
1.06907
1.06532
1.06136
1.05819
1.05679
1.05798
1.06207
1.06866
1.07675
1.08511
1.0927
1.09896
1.10383
1.10747
1.10995
1.11108
1.11044
1.10765
1.10258
1.0952
1.08533
1.07248
1.0563
1.03714
1.01654
0.996964
0.981155
0.971137
0.96743
0.968956
0.973705
0.979677
0.985619
0.991178
0.99651
1.00171
1.00644
1.00994
1.01136
1.01026
1.00684
1.00214
0.997899
0.996133
0.998542
1.00587
1.01751
1.03159
1.04567
1.0574
1.06514
1.06833
1.06756
1.06434
1.06065
1.05824
1.05798
1.05962
1.06191
1.06325
1.06228
1.05853
1.05248
1.04537
1.03864
1.03341
1.03038
1.02995
1.03248
1.03814
1.0465
1.05618
1.06509
1.0711
1.07285
1.0703
1.06499
1.05985
1.0582
1.06233
1.07239
1.08666
1.10272
1.11859
1.13314
1.1458
1.15592
1.1624
1.16359
1.15768
1.14345
1.12103
1.09281
1.06345
1.03867
1.02276
1.01695
1.01984
1.02889
1.04156
1.05575
1.06993
1.08307
1.09451
1.10364
1.10979
1.11229
1.11089
1.10617
1.09958
1.09295
1.08768
1.08404
1.08111
1.07729
1.07123
1.06263
1.05253
1.04294
1.03581
1.03204
1.03117
1.03188
1.03267
1.03237
1.03006
1.02498
1.01667
1.00517
0.991115
0.975548
0.959775
0.945399
0.934459
0.929337
0.932038
0.943134
0.961332
0.984112
1.00881
1.03318
1.05535
1.07361
1.0867
1.09416
1.09649
1.09511
1.09194
1.08895
1.08768
1.08891
1.09245
1.09728
1.10201
1.10558
1.10769
1.10876
1.10945
1.10997
1.10982
1.10798
1.10355
1.09627
1.08692
1.07738
1.07017
1.0676
1.07088
1.07977
1.09291
1.10848
1.12461
1.1395
1.15142
1.15879
1.16041
1.15575
1.14506
1.12925
1.10977
1.08833
1.06679
1.04704
1.03085
1.01957
1.01388
1.01355
1.01761
1.02467
1.03333
1.04231
1.05056
1.05706
1.06088
1.06141
1.05862
1.05326
1.04666
1.04031
1.03545
1.03289
1.0332
1.0369
1.04454
1.05634
1.07151
1.08766
1.10111
1.10809
1.10597
1.09398
1.07319
1.04603
1.01579
0.986247
0.961244
0.943959
0.93615
0.93772
0.946766
0.960197
0.974869
0.988737
1.00143
1.01392
1.02744
1.04258
1.05892
1.07526
1.09002
1.10153
1.10848
1.11032
1.10737
1.10033
1.08981
1.07618
1.05985
1.04179
1.02369
1.0077
0.995867
0.989587
0.989387
0.994902
1.00501
1.01827
1.03344
1.04976
1.06665
1.08324
1.09811
1.10972
1.11701
1.11995
1.11946
1.11701
1.11405
1.11167
1.11032
1.10977
1.10936
1.10854
1.1074
1.10676
1.10761
1.11039
1.11469
1.11964
1.1244
1.12833
1.13084
1.13126
1.12893
1.12336
1.11451
1.1031
1.09081
1.08
1.07298
1.07102
1.07383
1.07984
1.08682
1.09265
1.09583
1.09569
1.09237
1.08658
1.0792
1.07103
1.06284
1.05571
1.05119
1.05082
1.05517
1.06326
1.073
1.08226
1.08968
1.09479
1.09762
1.09825
1.09651
1.09205
1.08458
1.07409
1.06091
1.04587
1.03045
1.017
1.00832
1.00659
1.01229
1.02392
1.03896
1.05499
1.07038
1.08436
1.09641
1.10572
1.111
1.11098
1.10509
1.0937
1.07804
1.05995
1.04163
1.02532
1.01289
1.00553
1.00365
1.00699
1.01478
1.02567
1.03781
1.04899
1.05715
1.06084
1.05963
1.05438
1.04701
1.03985
1.03442
1.03063
1.02698
1.02162
1.01337
1.0025
0.991237
0.983418
0.982596
0.98982
1.00321
1.01953
1.0357
1.04941
1.05902
1.06371
1.06351
1.05934
1.05296
1.04696
1.04448
1.04819
1.05904
1.07551
1.09413
1.11101
1.12295
1.12798
1.12537
1.11548
1.09953
1.07943
1.05748
1.0359
1.01628
0.999554
0.98614
0.976324
0.970391
0.968725
0.971888
0.980382
0.994123
1.01196
1.03174
1.05085
1.06689
1.078
1.08315
1.0822
1.07604
1.06641
1.05559
1.04579
1.03869
1.03517
1.03535
1.03872
1.04433
1.05099
1.05756
1.06326
1.06778
1.07128
1.07414
1.07672
1.07912
1.08094
1.08132
1.07927
1.0742
1.0666
1.05834
1.05254
1.05252
1.06017
1.07497
1.09442
1.11526
1.13451
1.14984
1.15951
1.16225
1.15728
1.1445
1.1249
1.1009
1.0762
1.05493
1.04036
1.03401
1.03536
1.04204
1.05049
1.05715
1.05968
1.05764
1.05239
1.04637
1.04214
1.04133
1.04416
1.04949
1.05544
1.0602
1.06262
1.06241
1.05988
1.05558
1.05
1.04357
1.03711
1.03218
1.03097
1.03513
1.04454
1.05722
1.0703
1.08109
1.08768
1.08924
1.08626
1.0805
1.07439
1.06996
1.06805
1.06827
1.06954
1.07073
1.07121
1.07123
1.07176
1.0738
1.07769
1.08284
1.08793
1.09152
1.09242
1.08985
1.08351
1.07367
1.06152
1.04931
1.0398
1.03493
1.03461
1.0369
1.03951
1.04116
1.04215
1.04414
1.04887
1.05638
1.06453
1.07056
1.07272
1.07067
1.06493
1.05647
1.0463
1.03555
1.02544
1.01735
1.01249
1.01132
1.01333
1.01709
1.0208
1.02292
1.02247
1.01923
1.01343
1.00541
0.995342
0.983412
0.97014
0.956598
0.944295
0.934829
0.929538
0.929313
0.934581
0.945383
0.961316
0.981372
1.00388
1.02668
1.0476
1.0649
1.07768
1.0859
1.09021
1.09157
1.09081
1.08852
1.0853
1.0818
1.07868
1.07621
1.07405
1.0713
1.06686
1.06001
1.05075
1.03998
1.02947
1.02167
1.01923
1.02408
1.03634
1.05403
1.07391
1.09269
1.1078
1.11767
1.1217
1.12011
1.11369
1.10355
1.09082
1.07655
1.06172
1.04736
1.03456
1.02433
1.01744
1.0143
1.015
1.01908
1.02546
1.03242
1.03802
1.04067
1.03952
1.0347
1.02743
1.02001
1.01548
1.01641
1.02365
1.03596
1.05095
1.06636
1.08053
1.09244
1.10155
1.10764
1.11073
1.11093
1.10833
1.10306
1.09548
1.08651
1.0778
1.0715
1.06939
1.07186
1.07741
1.08331
1.08696
1.08707
1.084
1.07921
1.07393
1.06826
1.06118
1.05137
1.03824
1.02237
1.0055
0.990099
0.978763
0.973556
0.9755
0.984336
0.998616
1.01606
1.03407
1.05021
1.06256
1.06994
1.07184
1.06829
1.05979
1.04742
1.03307
1.0194
1.00925
1.00449
1.0051
1.0094
1.01502
1.0201
1.02398
1.02715
1.03073
1.03562
1.04187
1.04871
1.05504
1.05998
1.06303
1.06387
1.06221
1.05783
1.05087
1.04212
1.03311
1.02585
1.02233
1.02398
1.03118
1.04298
1.05724
1.07135
1.08323
1.09219
1.09922
1.10637
1.11562
1.12774
1.14191
1.15612
1.16801
1.17562
1.17787
1.1746
1.16648
1.15486
1.14154
1.1286
1.11797
1.11111
1.10868
1.11043
1.11516
1.12099
1.12576
1.12763
1.12576
1.12068
1.11411
1.10805
1.10363
1.1006
1.09802
1.0955
1.09383
1.09464
1.09882
1.1055
1.11224
1.11621
1.11516
1.10797
1.09489
1.07744
1.05816
1.04006
1.02596
1.01767
1.01552
1.01849
1.0248
1.03274
1.04113
1.0495
1.05789
1.06654
1.07571
1.08558
1.09624
1.10761
1.1193
1.1307
1.14107
1.14972
1.15617
1.1603
1.16235
1.16291
1.16262
1.1618
1.16023
1.15715
1.15164
1.1431
1.13149
1.11741
1.10182
1.08576
1.07005
1.05506
1.04069
1.02667
1.01308
1.00074
0.991226
0.986087
0.985815
0.989429
1.10861
1.12785
1.14339
1.15496
1.16264
1.16622
1.16516
1.15895
1.14747
1.13139
1.11225
1.09223
1.07348
1.05734
1.04414
1.03367
1.02567
1.01989
1.01608
1.01406
1.01378
1.01515
1.01783
1.0212
1.0245
1.0271
1.02876
1.02993
1.03189
1.03662
1.0459
1.06028
1.07873
1.09916
1.11936
1.13766
1.15312
1.16536
1.17427
1.17984
1.18204
1.18091
1.17676
1.17033
1.16276
1.15533
1.14899
1.14405
1.14018
1.13669
1.13267
1.12725
1.11986
1.11053
1.09987
1.0888
1.07815
1.06857
1.06069
1.05504
1.05181
1.05062
1.05059
1.05087
1.05117
1.05192
1.05408
1.05883
1.06721
1.07973
1.09615
1.1153
1.13523
1.15361
1.16842
1.17848
1.18388
1.18589
1.18656
1.18805
1.19202
1.19922
1.20947
1.22188
1.23529
1.24864
1.26108
1.2718
1.27987
1.28425
1.28395
1.27844
1.26802
1.25406
1.23868
1.22384
1.21027
1.19715
1.18299
1.16663
1.14782
1.12716
1.10596
1.08627
1.07095
1.063
1.06383
1.07194
1.08369
1.09539
1.10447
1.10944
1.10935
1.10346
1.09139
1.07343
1.05087
1.02608
1.00228
0.983007
0.971461
0.969868
0.978887
0.997444
1.02312
1.05291
1.08385
1.1135
1.1402
1.16319
1.18237
1.19791
1.20996
1.21849
1.22347
1.22514
1.22414
1.22133
1.21753
1.21315
1.20801
1.20143
1.19268
1.18151
1.1685
1.155
1.14269
1.13297
1.12673
1.12452
1.12675
1.13343
1.14351
1.15462
1.16349
1.16703
1.16337
1.15241
1.13576
1.11591
1.09539
1.07644
1.06134
1.05245
1.05133
1.05792
1.07051
1.08644
1.1029
1.11734
1.12768
1.13255
1.13158
1.12558
1.1164
1.10643
1.09768
1.0911
1.08641
1.08248
1.07808
1.07273
1.06739
1.06433
1.06582
1.07257
1.08308
1.09455
1.10398
1.10878
1.10726
1.09899
1.08513
1.06848
1.05289
1.04213
1.0386
1.04233
1.05096
1.06059
1.0673
1.06845
1.0636
1.05449
1.04453
1.0377
1.03753
1.04618
1.06428
1.09098
1.12395
1.15959
1.19376
1.22278
1.2442
1.25704
1.26158
1.25882
1.25003
1.23666
1.22072
1.20489
1.19193
1.18342
1.17924
1.17805
1.17816
1.17816
1.17702
1.17414
1.16933
1.16284
1.15527
1.14762
1.14112
1.13682
1.13524
1.13616
1.13871
1.14165
1.14371
1.14382
1.14124
1.13557
1.12677
1.11525
1.10182
1.08758
1.07369
1.0613
1.05156
1.04583
1.04561
1.05196
1.06479
1.08247
1.10215
1.12066
1.13537
1.1448
1.1488
1.14826
1.14408
1.13619
1.1235
1.10474
1.07972
1.05027
1.02038
0.995436
0.980409
0.977849
0.987049
1.0049
1.02776
1.05303
1.0794
1.10613
1.13191
1.15453
1.17141
1.18039
1.18048
1.17216
1.15731
1.13873
1.11957
1.10269
1.09042
1.08444
1.08573
1.09419
1.10836
1.12556
1.14273
1.15746
1.16844
1.17537
1.17853
1.17837
1.17538
1.17042
1.16514
1.16212
1.1638
1.17044
1.17919
1.18557
1.18589
1.17852
1.16381
1.14353
1.12035
1.09755
1.07859
1.06645
1.06274
1.06705
1.07713
1.0898
1.10197
1.11163
1.11838
1.12334
1.12796
1.13269
1.13672
1.13902
1.13975
1.14056
1.14384
1.15126
1.16248
1.17527
1.18673
1.19466
1.19831
1.19836
1.19642
1.19405
1.19172
1.18865
1.18347
1.17548
1.16545
1.15555
1.14858
1.14684
1.15119
1.1607
1.17283
1.18423
1.19169
1.19281
1.18655
1.17332
1.15495
1.13444
1.11532
1.10105
1.09426
1.09612
1.10584
1.12092
1.1379
1.15352
1.16554
1.1731
1.17669
1.17768
1.17764
1.17765
1.17793
1.17788
1.17638
1.17218
1.16415
1.1516
1.13474
1.11526
1.09644
1.08215
1.07486
1.07437
1.07846
1.0848
1.09247
1.10207
1.11493
1.13199
1.15304
1.17656
1.20019
1.22146
1.23839
1.24958
1.25425
1.25238
1.24479
1.23304
1.21909
1.20472
1.19127
1.17981
1.17142
1.16728
1.16816
1.1737
1.18227
1.19169
1.2003
1.20757
1.21397
1.22024
1.22643
1.23155
1.23381
1.23129
1.22295
1.20994
1.1969
1.19056
1.19437
1.20443
1.21273
1.21313
1.20365
1.18603
1.1648
1.14589
1.13402
1.13043
1.13282
1.13768
1.14267
1.14753
1.1531
1.15994
1.16759
1.17482
1.18028
1.18264
1.18034
1.1717
1.15556
1.13223
1.10407
1.07542
1.05162
1.03717
1.03392
1.04081
1.05508
1.07381
1.09447
1.11482
1.13273
1.14664
1.15598
1.16141
1.16469
1.16824
1.17437
1.18438
1.198
1.21337
1.22765
1.23789
1.2418
1.2384
1.22846
1.21433
1.19913
1.18545
1.17447
1.16594
1.15886
1.1522
1.14529
1.13781
1.12978
1.12149
1.11352
1.10641
1.10045
1.09563
1.09206
1.0904
1.09162
1.09611
1.10301
1.11029
1.11577
1.11807
1.11727
1.11515
1.11493
1.12022
1.13299
1.152
1.17323
1.19203
1.2053
1.21228
1.21424
1.21385
1.2142
1.21768
1.22481
1.23416
1.24324
1.24977
1.25247
1.25104
1.24593
1.23794
1.22784
1.21612
1.2031
1.18928
1.17552
1.16262
1.15064
1.13879
1.12597
1.11163
1.09638
1.08239
1.07289
1.07071
1.0768
1.08985
1.10709
1.12553
1.14265
1.15668
1.16667
1.17244
1.17439
1.17304
1.16874
1.16127
1.14989
1.13373
1.11267
1.08855
1.06571
1.05017
1.04692
1.05707
1.0774
1.10264
1.12792
1.14994
1.16696
1.1786
1.18572
1.19018
1.1943
1.19993
1.20768
1.21663
1.22458
1.22893
1.22764
1.21998
1.20682
1.19026
1.17311
1.15826
1.14829
1.14491
1.14817
1.15593
1.16451
1.17024
1.17109
1.16746
1.16181
1.15725
1.15571
1.1569
1.15885
1.15951
1.15785
1.15379
1.1473
1.13822
1.12689
1.11471
1.1035
1.09442
1.0877
1.08327
1.08146
1.08304
1.08879
1.09894
1.11276
1.12859
1.14428
1.1578
1.16767
1.17298
1.17318
1.16805
1.15796
1.14409
1.12824
1.11231
1.09772
1.08526
1.07553
1.06934
1.06769
1.07122
1.07961
1.09147
1.10475
1.11749
1.12824
1.13632
1.14167
1.14463
1.14577
1.146
1.14681
1.15015
1.15744
1.16851
1.18173
1.19509
1.20711
1.21714
1.22524
1.23203
1.23845
1.24527
1.25256
1.25938
1.26388
1.26411
1.25892
1.24832
1.23328
1.21499
1.19422
1.17137
1.14718
1.12361
1.1037
1.09045
1.08568
1.08946
1.10017
1.11491
1.13036
1.14345
1.15174
1.15342
1.14756
1.13437
1.11569
1.09495
1.0764
1.06376
1.05884
1.06099
1.06747
1.07466
1.07952
1.08057
1.07811
1.07369
1.06942
1.06728
1.06861
1.07395
1.08318
1.09589
1.11159
1.12945
1.148
1.16495
1.17776
1.18439
1.18401
1.1773
1.16607
1.15248
1.1385
1.12594
1.11698
1.11394
1.11783
1.12721
1.13904
1.15064
1.16045
1.16733
1.1698
1.16628
1.15614
1.14064
1.12305
1.10754
1.09738
1.09343
1.09385
1.09504
1.093
1.0851
1.07138
1.05504
1.04133
1.03524
1.0395
1.05415
1.07711
1.10488
1.13331
1.1585
1.17756
1.18889
1.19215
1.18803
1.17812
1.16473
1.15058
1.13829
1.12976
1.12584
1.12621
1.12976
1.13499
1.14046
1.1449
1.14734
1.14726
1.1446
1.1399
1.13411
1.12842
1.12392
1.12131
1.12059
1.12112
1.12189
1.12186
1.1204
1.1175
1.11383
1.11052
1.10881
1.10953
1.11276
1.11779
1.12342
1.12845
1.13188
1.13301
1.13151
1.1274
1.12126
1.11431
1.10831
1.10537
1.10746
1.11585
1.13054
1.1501
1.17191
1.19285
1.21003
1.22146
1.22646
1.22571
1.2209
1.21396
1.2062
1.19776
1.18783
1.17534
1.1597
1.1411
1.12053
1.09983
1.08174
1.0696
1.06615
1.07191
1.08428
1.09841
1.10885
1.11106
1.10266
1.0852
1.06486
1.04933
1.04167
1.03878
1.03647
1.03379
1.0328
1.03645
1.04656
1.06289
1.08306
1.10332
1.11981
1.12998
1.13336
1.13152
1.12731
1.12362
1.12202
1.12221
1.12298
1.12377
1.12527
1.12884
1.13539
1.14468
1.15532
1.16538
1.17308
1.17724
1.1773
1.17315
1.16488
1.15272
1.13699
1.11834
1.09788
1.07731
1.05883
1.04468
1.03633
1.034
1.0369
1.04402
1.05452
1.06724
1.0803
1.09151
1.09932
1.10357
1.10527
1.10603
1.10745
1.1107
1.11636
1.12447
1.13471
1.14658
1.15959
1.17309
1.18608
1.19707
1.20426
1.20603
1.20137
1.19026
1.17385
1.15458
1.13579
1.12078
1.11172
1.10933
1.11317
1.122
1.13383
1.14628
1.15725
1.16545
1.17051
1.1726
1.17178
1.16756
1.15926
1.14691
1.13204
1.11782
1.108
1.10477
1.10717
1.11192
1.11576
1.11687
1.11494
1.11053
1.10463
1.09835
1.09282
1.08912
1.08825
1.09099
1.09762
1.10773
1.1206
1.13582
1.15337
1.17291
1.19318
1.21192
1.22656
1.23514
1.23707
1.23332
1.22551
1.21442
1.19962
1.18038
1.1569
1.13081
1.10507
1.08318
1.06792
1.06039
1.0603
1.06707
1.08024
1.09864
1.11945
1.13843
1.15164
1.157
1.15487
1.14773
1.13929
1.1333
1.13212
1.13586
1.14276
1.15044
1.157
1.16126
1.16248
1.16
1.15313
1.14144
1.12517
1.10554
1.08469
1.06535
1.05023
1.04139
1.03986
1.04555
1.0573
1.07321
1.09122
1.1097
1.12773
1.14481
1.16047
1.17395
1.18425
1.19041
1.19191
1.18884
1.18197
1.17236
1.16106
1.14875
1.13598
1.12363
1.11332
1.10696
1.10531
1.10696
1.1087
1.10716
1.10019
1.08727
1.06926
1.04861
1.02944
1.01686
1.015
1.02486
1.04363
1.0663
1.08795
1.10534
1.11718
1.12377
1.12647
1.12721
1.12775
1.12916
1.13156
1.13445
1.13724
1.13973
1.14205
1.14425
1.1456
1.14472
1.14028
