-4.71316
-4.70998
-4.70667
-4.70307
-4.69798
-4.69128
-4.68283
-4.67301
-4.66344
-4.6539
-4.64394
-4.63371
-4.62681
-4.62066
-4.61718
-4.61727
-4.62258
-4.6318
-4.64395
-4.65802
-4.67165
-4.68552
-4.69734
-4.70478
-4.71189
-4.71563
-4.71673
-4.71669
-4.71492
-4.71267
-4.71013
-4.70801
-4.70675
-4.70559
-4.70466
-4.70368
-4.70224
-4.70055
-4.69897
-4.69812
-4.69541
-4.69372
-4.69041
-4.68793
-4.68633
-4.68514
-4.68569
-4.68617
-4.68722
-4.69001
-4.69388
-4.69724
-4.70071
-4.70407
-4.70737
-4.70969
-4.71121
-4.71143
-4.71144
-4.71011
-4.70717
-4.70499
-4.70329
-4.70188
-4.70019
-4.6994
-4.69846
-4.69821
-4.69884
-4.69956
-4.7009
-4.70185
-4.70446
-4.70605
-4.70727
-4.70799
-4.70778
-4.70667
-4.7067
-4.70506
-4.70409
-4.70343
-4.70356
-4.70291
-4.70318
-4.70258
-4.70277
-4.70245
-4.70201
-4.70096
-4.69964
-4.69825
-4.69659
-4.69495
-4.6944
-4.69588
-4.69586
-4.69587
-4.69642
-4.69749
-4.69826
-4.69939
-4.69998
-4.69994
-4.69902
-4.69845
-4.69842
-4.69669
-4.69573
-4.69454
-4.69305
-4.6926
-4.6903
-4.68826
-4.68615
-4.68546
-4.68421
-4.68454
-4.68498
-4.68773
-4.69078
-4.69352
-4.69727
-4.70001
-4.70207
-4.7032
-4.70352
-4.70297
-4.70211
-4.70253
-4.70348
-4.7038
-4.70496
-4.7058
-4.70694
-4.70803
-4.70848
-4.70869
-4.7081
-4.70615
-4.7058
-4.7052
-4.70449
-4.70532
-4.70503
-4.70422
-4.70245
-4.70166
-4.70086
-4.69974
-4.70028
-4.69903
-4.69931
-4.70187
-4.70271
-4.70558
-4.70882
-4.71251
-4.71568
-4.71703
-4.7173
-4.71774
-4.71616
-4.71301
-4.7101
-4.70652
-4.7037
-4.701
-4.69889
-4.69762
-4.69542
-4.69436
-4.69423
-4.69478
-4.69573
-4.69689
-4.69901
-4.70088
-4.7014
-4.70228
-4.70223
-4.70189
-4.70138
-4.70039
-4.70044
-4.69954
-4.69961
-4.69966
-4.69932
-4.6997
-4.7002
-4.70227
-4.70407
-4.70472
-4.70569
-4.70571
-4.70562
-4.7052
-4.70407
-4.70326
-4.70191
-4.70155
-4.70153
-4.70128
-4.70064
-4.70045
-4.70122
-4.70241
-4.70299
-4.70329
-4.70336
-4.7027
-4.70221
-4.70133
-4.70074
-4.69885
-4.69774
-4.69658
-4.69593
-4.69519
-4.69525
-4.69527
-4.69479
-4.69469
-4.6953
-4.69431
-4.69281
-4.69204
-4.69173
-4.69183
-4.6939
-4.69731
-4.70016
-4.70158
-4.70224
-4.70246
-4.70307
-4.70454
-4.706
-4.70739
-4.71008
-4.71368
-4.71601
-4.71732
-4.71769
-4.71581
-4.71376
-4.71082
-4.70712
-4.7041
-4.70106
-4.69817
-4.69624
-4.6945
-4.69357
-4.69393
-4.69489
-4.69645
-4.69845
-4.69911
-4.69978
-4.70118
-4.70229
-4.70403
-4.70491
-4.70588
-4.70623
-4.70653
-4.70683
-4.70582
-4.70541
-4.70512
-4.70521
-4.7058
-4.706
-4.70857
-4.71075
-4.71089
-4.71074
-4.71086
-4.70993
-4.7076
-4.70558
-4.70397
-4.70207
-4.70052
-4.69899
-4.69661
-4.69506
-4.69378
-4.6921
-4.69131
-4.69107
-4.69013
-4.69059
-4.69196
-4.69395
-4.69518
-4.69671
-4.69844
-4.70005
-4.70087
-4.70148
-4.70303
-4.70568
-4.70653
-4.70921
-4.71024
-4.71062
-4.70964
-4.70719
-4.70659
-4.70635
-4.70747
-4.70885
-4.71079
-4.71211
-4.71142
-4.71007
-4.70606
-4.70259
-4.70018
-4.69992
-4.69928
-4.70199
-4.70467
-4.7067
-4.70845
-4.7095
-4.71027
-4.70877
-4.70679
-4.70403
-4.70163
-4.69979
-4.69758
-4.69673
-4.69716
-4.69779
-4.69853
-4.69996
-4.70233
-4.70449
-4.70689
-4.70933
-4.71051
-4.71153
-4.71187
-4.71239
-4.71279
-4.71097
-4.70942
-4.70722
-4.70516
-4.70302
-4.70144
-4.70014
-4.69982
-4.70046
-4.70096
-4.70147
-4.70221
-4.70189
-4.70253
-4.70203
-4.70065
-4.69941
-4.69789
-4.69713
-4.69523
-4.69323
-4.69178
-4.69198
-4.69157
-4.69118
-4.69094
-4.69
-4.68952
-4.68764
-4.68631
-4.68584
-4.6869
-4.68875
-4.69208
-4.69581
-4.69991
-4.70406
-4.70663
-4.71008
-4.71229
-4.71338
-4.71442
-4.71459
-4.71428
-4.7111
-4.70875
-4.7065
-4.70361
-4.70119
-4.69945
-4.69833
-4.69747
-4.69744
-4.6971
-4.69641
-4.69586
-4.69532
-4.69446
-4.69362
-4.69389
-4.69408
-4.69459
-4.69635
-4.69844
-4.70044
-4.70351
-4.70502
-4.70626
-4.70649
-4.70611
-4.70485
-4.70377
-4.7024
-4.70171
-4.70062
-4.69968
-4.69966
-4.6984
-4.69737
-4.69605
-4.69455
-4.69349
-4.6931
-4.69446
-4.69756
-4.70205
-4.70648
-4.71034
-4.71161
-4.71167
-4.7097
-4.70843
-4.70593
-4.70453
-4.70388
-4.70269
-4.70211
-4.70192
-4.70032
-4.69982
-4.69735
-4.6964
-4.69461
-4.69425
-4.69292
-4.69265
-4.69352
-4.69369
-4.69382
-4.6949
-4.69609
-4.69794
-4.69987
-4.70151
-4.70328
-4.70533
-4.70653
-4.7066
-4.70725
-4.70654
-4.70616
-4.70594
-4.70499
-4.70404
-4.70343
-4.70196
-4.70033
-4.69828
-4.69605
-4.69365
-4.69187
-4.69012
-4.69021
-4.68998
-4.69138
-4.69313
-4.69445
-4.69529
-4.69606
-4.6977
-4.70036
-4.70268
-4.7054
-4.70775
-4.70939
-4.71002
-4.70975
-4.70774
-4.70665
-4.70472
-4.70273
-4.69981
-4.69672
-4.69455
-4.69095
-4.68948
-4.68924
-4.68898
-4.68817
-4.68835
-4.68971
-4.69178
-4.69499
-4.69767
-4.70228
-4.70656
-4.7101
-4.71504
-4.71686
-4.71818
-4.71854
-4.71647
-4.71233
-4.70719
-4.70136
-4.69597
-4.69232
-4.69064
-4.68864
-4.68813
-4.68888
-4.68975
-4.69079
-4.69143
-4.69163
-4.69192
-4.69244
-4.692
-4.69267
-4.69227
-4.69177
-4.69162
-4.69137
-4.6921
-4.69358
-4.69383
-4.69436
-4.69572
-4.698
-4.70134
-4.70349
-4.70546
-4.70606
-4.70646
-4.70542
-4.70531
-4.70296
-4.70118
-4.69871
-4.69721
-4.69571
-4.69443
-4.69452
-4.69491
-4.69648
-4.69854
-4.70161
-4.70349
-4.70482
-4.70521
-4.70652
-4.70714
-4.70642
-4.70495
-4.70411
-4.703
-4.70121
-4.70192
-4.70251
-4.70317
-4.70279
-4.70177
-4.7004
-4.70043
-4.69976
-4.70053
-4.70168
-4.70361
-4.70605
-4.70856
-4.71026
-4.71147
-4.71162
-4.71195
-4.7106
-4.70983
-4.70767
-4.70508
-4.7039
-4.70279
-4.70194
-4.70191
-4.70236
-4.70217
-4.70335
-4.7043
-4.70663
-4.70821
-4.70906
-4.71014
-4.71135
-4.712
-4.71234
-4.71232
-4.71202
-4.71079
-4.70917
-4.70787
-4.70414
-4.70204
-4.69911
-4.69622
-4.69353
-4.69152
-4.69054
-4.69023
-4.68864
-4.68823
-4.68991
-4.69147
-4.6928
-4.69376
-4.69571
-4.69894
-4.70154
-4.70477
-4.70773
-4.71086
-4.7136
-4.71562
-4.71769
-4.71853
-4.71814
-4.71699
-4.71694
-4.71433
-4.71272
-4.71088
-4.70869
-4.70645
-4.70445
-4.70319
-4.70261
-4.70175
-4.70096
-4.70111
-4.70147
-4.702
-4.70252
-4.70223
-4.70114
-4.70016
-4.69802
-4.69543
-4.69259
-4.69136
-4.69126
-4.69215
-4.69501
-4.69903
-4.70398
-4.70826
-4.711
-4.71254
-4.71342
-4.71184
-4.70877
-4.70616
-4.70323
-4.70129
-4.69865
-4.69668
-4.69538
-4.69599
-4.69503
-4.69578
-4.69676
-4.69747
-4.69775
-4.69856
-4.6986
-4.69871
-4.70012
-4.70143
-4.70405
-4.7064
-4.7099
-4.71267
-4.71524
-4.71674
-4.7178
-4.71802
-4.7177
-4.71655
-4.71459
-4.71211
-4.71111
-4.70845
-4.70657
-4.70485
-4.70436
-4.70411
-4.70294
-4.70356
-4.70424
-4.70432
-4.70369
-4.70311
-4.70213
-4.70193
-4.70213
-4.70214
-4.70138
-4.70068
-4.70002
-4.69836
-4.69626
-4.69418
-4.69206
-4.69193
-4.69079
-4.69152
-4.69401
-4.69653
-4.69901
-4.69975
-4.70019
-4.69978
-4.70121
-4.70306
-4.70391
-4.70463
-4.70488
-4.70588
-4.70527
-4.70578
-4.7045
-4.70246
-4.69994
-4.69589
-4.69227
-4.68873
-4.68464
-4.68263
-4.68401
-4.6883
-4.69297
-4.69905
-4.70379
-4.70733
-4.70997
-4.71183
-4.71119
-4.71103
-4.70971
-4.70829
-4.70606
-4.70443
-4.70274
-4.70235
-4.70318
-4.70428
-4.70474
-4.70569
-4.70601
-4.70604
-4.70726
-4.70772
-4.70771
-4.70788
-4.70785
-4.70736
-4.70651
-4.70603
-4.70581
-4.70312
-4.7028
-4.70194
-4.7
-4.69861
-4.69757
-4.69682
-4.6952
-4.69459
-4.69361
-4.69273
-4.69207
-4.692
-4.69263
-4.69459
-4.69678
-4.69834
-4.6999
-4.70111
-4.7016
-4.70151
-4.70141
-4.70269
-4.70262
-4.70401
-4.70464
-4.70679
-4.7084
-4.70987
-4.70958
-4.70931
-4.70689
-4.7043
-4.7019
-4.70021
-4.69813
-4.69777
-4.69745
-4.69736
-4.69809
-4.69888
-4.70099
-4.70194
-4.70294
-4.70372
-4.70432
-4.70535
-4.70704
-4.70852
-4.71011
-4.71125
-4.71237
-4.71285
-4.71256
-4.71391
-4.71335
-4.71152
-4.70974
-4.70767
-4.70547
-4.7036
-4.70091
-4.69769
-4.69506
-4.69208
-4.68997
-4.68753
-4.68652
-4.68657
-4.68897
-4.69073
-4.69424
-4.69719
-4.70053
-4.70348
-4.70745
-4.71011
-4.712
-4.71352
-4.71489
-4.71466
-4.71448
-4.71254
-4.70943
-4.70678
-4.70419
-4.70136
-4.69893
-4.6963
-4.69438
-4.69439
-4.69359
-4.69387
-4.69432
-4.69669
-4.69927
-4.70199
-4.70446
-4.70649
-4.70898
-4.71051
-4.71117
-4.71146
-4.7114
-4.71119
-4.70914
-4.70708
-4.70497
-4.70295
-4.69989
-4.69791
-4.69644
-4.69574
-4.69602
-4.69694
-4.69859
-4.6998
-4.70135
-4.70311
-4.70579
-4.70722
-4.70813
-4.70947
-4.70978
-4.70937
-4.70918
-4.70742
-4.70642
-4.70587
-4.70476
-4.70426
-4.70413
-4.70457
-4.70438
-4.7045
-4.70295
-4.70046
-4.6976
-4.69637
-4.69313
-4.69085
-4.68957
-4.68901
-4.69144
-4.69437
-4.69874
-4.7027
-4.70619
-4.70963
-4.71107
-4.71154
-4.71099
-4.71011
-4.70883
-4.70688
-4.70547
-4.70367
-4.70296
-4.70173
-4.6998
-4.69737
-4.69624
-4.69375
-4.69287
-4.69178
-4.69025
-4.68923
-4.68876
-4.69015
-4.69265
-4.69606
-4.69978
-4.7039
-4.70797
-4.71083
-4.71313
-4.71372
-4.71462
-4.71395
-4.71193
-4.70975
-4.70748
-4.70494
-4.70389
-4.70251
-4.70163
-4.70108
-4.70155
-4.70205
-4.70237
-4.70296
-4.70368
-4.70362
-4.70371
-4.70387
-4.70513
-4.70377
-4.70292
-4.70096
-4.69904
-4.69842
-4.6984
-4.69852
-4.69997
-4.70277
-4.70539
-4.70664
-4.7083
-4.70836
-4.70821
-4.7062
-4.70442
-4.70184
-4.70004
-4.69929
-3.86268
-3.85426
-3.84856
-3.84343
-3.83799
-3.83491
-3.83211
-3.83187
-3.83282
-3.83256
-3.83376
-3.83367
-3.83341
-3.83569
-3.84087
-3.84807
-3.8566
-3.86315
-3.8669
-3.87021
-3.87077
-3.8696
-3.86779
-3.86651
-3.86618
-3.86445
-3.86273
-3.85991
-3.85583
-3.85203
-3.84921
-3.84718
-3.84674
-3.8491
-3.85489
-3.8594
-3.86216
-3.86045
-3.85798
-3.85406
-3.85155
-3.85062
-3.8511
-3.85038
-3.85128
-3.85067
-3.8487
-3.84696
-3.84458
-3.84374
-3.84463
-3.84732
-3.84959
-3.85078
-3.85131
-3.8514
-3.85098
-3.85191
-3.85385
-3.85812
-3.86089
-3.86525
-3.86877
-3.87294
-3.87357
-3.87479
-3.87363
-3.87271
-3.87057
-3.86675
-3.86162
-3.85791
-3.85367
-3.85091
-3.84902
-3.84552
-3.84499
-3.8439
-3.84228
-3.84282
-3.84312
-3.84708
-3.85338
-3.85953
-3.86442
-3.86734
-3.86839
-3.86767
-3.86603
-3.8652
-3.86574
-3.86757
-3.86882
-3.86968
-3.86904
-3.86786
-3.86481
-3.86016
-3.85493
-3.85076
-3.84676
-3.84406
-3.84447
-3.84529
-3.84864
-3.85129
-3.85441
-3.85723
-3.86049
-3.86409
-3.86606
-3.86804
-3.86754
-3.86666
-3.8632
-3.86008
-3.85654
-3.8536
-3.85049
-3.84861
-3.84641
-3.84536
-3.84632
-3.84823
-3.85161
-3.85359
-3.85495
-3.85514
-3.8557
-3.85392
-3.85283
-3.85118
-3.85067
-3.85162
-3.85366
-3.8568
-3.85822
-3.85585
-3.85257
-3.84803
-3.844
-3.84207
-3.84433
-3.85075
-3.85904
-3.86768
-3.87447
-3.87861
-3.87754
-3.87391
-3.86792
-3.86229
-3.85662
-3.85174
-3.84805
-3.84571
-3.84412
-3.84314
-3.84353
-3.84432
-3.84693
-3.85033
-3.85554
-3.86092
-3.86623
-3.86925
-3.86959
-3.86729
-3.86209
-3.85456
-3.84635
-3.83976
-3.83398
-3.83095
-3.83036
-3.83389
-3.83817
-3.8418
-3.84678
-3.85378
-3.86203
-3.86917
-3.87291
-3.87318
-3.87114
-3.86732
-3.86395
-3.8606
-3.85744
-3.85278
-3.8467
-3.84001
-3.83474
-3.8298
-3.82576
-3.82387
-3.82465
-3.82745
-3.8343
-3.84477
-3.85483
-3.86444
-3.87203
-3.87753
-3.881
-3.88266
-3.88343
-3.88199
-3.88006
-3.87635
-3.87213
-3.86716
-3.86196
-3.85897
-3.85681
-3.85639
-3.85512
-3.85441
-3.85562
-3.85552
-3.85485
-3.85373
-3.85344
-3.8532
-3.85324
-3.85417
-3.85559
-3.85577
-3.85408
-3.85232
-3.84925
-3.84404
-3.83882
-3.83611
-3.83369
-3.83177
-3.83298
-3.8345
-3.8393
-3.84603
-3.8548
-3.86307
-3.86981
-3.87353
-3.87521
-3.87649
-3.8779
-3.87932
-3.87986
-3.8784
-3.87543
-3.87028
-3.86495
-3.85618
-3.84891
-3.84352
-3.84014
-3.83901
-3.83885
-3.84124
-3.84441
-3.84771
-3.85175
-3.85431
-3.85499
-3.85602
-3.85759
-3.85807
-3.85967
-3.86052
-3.86169
-3.86251
-3.86174
-3.86141
-3.85933
-3.85758
-3.85646
-3.85395
-3.85283
-3.85188
-3.85152
-3.85036
-3.84995
-3.85046
-3.85291
-3.85643
-3.85908
-3.86151
-3.86275
-3.86241
-3.86059
-3.8573
-3.85485
-3.85068
-3.84705
-3.84346
-3.84068
-3.83897
-3.83811
-3.83871
-3.83959
-3.84045
-3.84247
-3.84563
-3.84868
-3.85217
-3.85564
-3.85739
-3.85688
-3.85539
-3.85173
-3.84809
-3.8435
-3.83996
-3.83947
-3.84165
-3.84688
-3.85368
-3.85924
-3.86433
-3.86713
-3.86758
-3.86668
-3.86645
-3.8663
-3.86511
-3.8621
-3.85884
-3.85521
-3.85063
-3.84621
-3.84187
-3.83668
-3.83194
-3.82828
-3.82606
-3.82733
-3.83261
-3.84168
-3.8538
-3.86509
-3.87242
-3.875
-3.87309
-3.8697
-3.86627
-3.86366
-3.86373
-3.86379
-3.86347
-3.86237
-3.85738
-3.85222
-3.84799
-3.84313
-3.84037
-3.83996
-3.84234
-3.84823
-3.85493
-3.86013
-3.8636
-3.86426
-3.86128
-3.85675
-3.85168
-3.8488
-3.84739
-3.84748
-3.85024
-3.85515
-3.86088
-3.86824
-3.87387
-3.87812
-3.87762
-3.87348
-3.86777
-3.85945
-3.85128
-3.84476
-3.84051
-3.83972
-3.84013
-3.84227
-3.8433
-3.844
-3.84238
-3.84048
-3.84095
-3.8433
-3.84906
-3.8528
-3.8551
-3.85343
-3.8513
-3.84577
-3.84107
-3.83792
-3.83613
-3.83733
-3.84228
-3.84951
-3.85802
-3.86578
-3.8703
-3.87118
-3.8677
-3.86244
-3.85849
-3.8544
-3.85446
-3.85824
-3.86559
-3.87202
-3.87815
-3.88096
-3.88026
-3.877
-3.87218
-3.86725
-3.86237
-3.85719
-3.85263
-3.84942
-3.84734
-3.84682
-3.84663
-3.84559
-3.84775
-3.84917
-3.85104
-3.85389
-3.85546
-3.85835
-3.85829
-3.85621
-3.85513
-3.854
-3.85319
-3.85259
-3.8514
-3.8522
-3.85203
-3.85297
-3.85401
-3.85369
-3.85229
-3.84935
-3.84793
-3.84657
-3.84536
-3.84591
-3.84611
-3.84672
-3.84574
-3.84869
-3.84924
-3.84929
-3.84994
-3.85037
-3.8504
-3.85242
-3.8545
-3.85595
-3.85749
-3.85663
-3.85478
-3.85274
-3.85081
-3.85046
-3.85168
-3.85401
-3.85736
-3.86196
-3.86448
-3.86653
-3.86651
-3.86603
-3.86667
-3.86555
-3.86347
-3.86008
-3.85629
-3.85289
-3.85085
-3.84952
-3.84999
-3.85012
-3.85043
-3.85202
-3.85227
-3.85274
-3.85364
-3.85378
-3.85395
-3.85495
-3.8566
-3.85831
-3.8585
-3.85848
-3.85646
-3.85493
-3.85318
-3.84905
-3.84617
-3.84454
-3.8419
-3.84101
-3.84231
-3.84682
-3.8532
-3.86068
-3.86825
-3.87431
-3.87699
-3.87933
-3.87848
-3.87632
-3.87275
-3.86724
-3.86223
-3.85657
-3.85112
-3.84769
-3.84511
-3.84357
-3.84424
-3.84539
-3.84808
-3.85097
-3.8554
-3.85927
-3.86394
-3.86832
-3.87008
-3.86912
-3.86378
-3.85507
-3.84443
-3.83389
-3.82806
-3.82687
-3.8289
-3.83521
-3.84218
-3.8493
-3.85368
-3.85707
-3.86048
-3.86373
-3.86731
-3.87011
-3.87124
-3.87102
-3.86961
-3.86514
-3.86132
-3.85782
-3.85654
-3.85578
-3.85584
-3.85679
-3.85989
-3.86221
-3.86574
-3.86885
-3.87062
-3.87248
-3.87435
-3.87298
-3.8696
-3.86405
-3.85781
-3.85186
-3.84684
-3.84479
-3.84376
-3.8439
-3.84548
-3.84645
-3.84823
-3.85063
-3.85277
-3.8536
-3.85542
-3.85774
-3.86254
-3.86744
-3.87099
-3.87281
-3.86966
-3.86466
-3.85843
-3.85157
-3.84575
-3.841
-3.8387
-3.83584
-3.83724
-3.84168
-3.84772
-3.85225
-3.85303
-3.85034
-3.84563
-3.84202
-3.83948
-3.84072
-3.84534
-3.85234
-3.86108
-3.86941
-3.87474
-3.87908
-3.88122
-3.87986
-3.87697
-3.86977
-3.86096
-3.8523
-3.84458
-3.83857
-3.83611
-3.83615
-3.83808
-3.84182
-3.84603
-3.85041
-3.85299
-3.85486
-3.85613
-3.85386
-3.85155
-3.8499
-3.85062
-3.85217
-3.85509
-3.85924
-3.8637
-3.86646
-3.86832
-3.86847
-3.86688
-3.86585
-3.86429
-3.86345
-3.86282
-3.86344
-3.86578
-3.86769
-3.86959
-3.87266
-3.87483
-3.87584
-3.87472
-3.87275
-3.86968
-3.86469
-3.85886
-3.85251
-3.84663
-3.84208
-3.83938
-3.83716
-3.83819
-3.84036
-3.84413
-3.84741
-3.85199
-3.85629
-3.85832
-3.8592
-3.85805
-3.85463
-3.84985
-3.8469
-3.84448
-3.84384
-3.84408
-3.8475
-3.85021
-3.85451
-3.85686
-3.86043
-3.86241
-3.86402
-3.86487
-3.8656
-3.86553
-3.86503
-3.86703
-3.8655
-3.86499
-3.86471
-3.8626
-3.8602
-3.85786
-3.85469
-3.85162
-3.84988
-3.84725
-3.84583
-3.84496
-3.84494
-3.84428
-3.84521
-3.8449
-3.84397
-3.84384
-3.84336
-3.84634
-3.85072
-3.85823
-3.86584
-3.87242
-3.87623
-3.87798
-3.87805
-3.87584
-3.87301
-3.86779
-3.86227
-3.85642
-3.85066
-3.84229
-3.83481
-3.82756
-3.82136
-3.81702
-3.81527
-3.81692
-3.82363
-3.83238
-3.84214
-3.85122
-3.85917
-3.86552
-3.86994
-3.87255
-3.87403
-3.87349
-3.87063
-3.86695
-3.86358
-3.86142
-3.85875
-3.85786
-3.8575
-3.85829
-3.85929
-3.86016
-3.86115
-3.86239
-3.86539
-3.86825
-3.8693
-3.87046
-3.87002
-3.86786
-3.86325
-3.85757
-3.85161
-3.84528
-3.83742
-3.82841
-3.82064
-3.81527
-3.81337
-3.81662
-3.82501
-3.83459
-3.84361
-3.8512
-3.85635
-3.86035
-3.86283
-3.86427
-3.86517
-3.86503
-3.86444
-3.86415
-3.86331
-3.86197
-3.86146
-3.86
-3.86039
-3.86026
-3.8593
-3.85701
-3.85527
-3.85228
-3.8504
-3.84916
-3.84685
-3.84462
-3.84249
-3.84081
-3.83965
-3.83986
-3.84094
-3.84348
-3.84661
-3.85075
-3.8551
-3.85928
-3.86315
-3.86693
-3.86913
-3.87033
-3.87146
-3.87105
-3.87045
-3.8693
-3.86713
-3.86514
-3.86255
-3.85974
-3.85728
-3.85368
-3.85113
-3.85015
-3.85125
-3.85395
-3.85538
-3.85664
-3.85561
-3.85286
-3.84704
-3.84293
-3.83968
-3.83804
-3.83851
-3.84014
-3.84324
-3.84733
-3.85247
-3.85754
-3.86124
-3.86318
-3.86264
-3.85972
-3.85662
-3.85413
-3.85385
-3.85505
-3.85785
-3.86153
-3.8671
-3.87129
-3.87372
-3.87321
-3.87208
-3.86985
-3.86675
-3.86302
-3.86076
-3.85711
-3.85247
-3.84858
-3.84492
-3.84267
-3.84162
-3.84172
-3.84306
-3.84408
-3.84315
-3.84215
-3.84139
-3.84153
-3.84435
-3.84915
-3.85399
-3.85738
-3.86084
-3.86294
-3.86421
-3.86411
-3.86399
-3.86213
-3.85993
-3.85698
-3.85398
-3.85087
-3.84734
-3.84459
-3.84294
-3.84165
-3.84139
-3.84112
-3.84206
-3.84405
-3.84942
-3.85399
-3.86009
-3.86573
-3.87038
-3.87204
-3.87027
-3.86663
-3.86272
-3.85812
-3.85353
-3.8489
-3.84468
-3.83988
-3.83651
-3.83256
-3.82828
-3.82665
-3.82782
-3.83198
-3.83955
-3.85014
-3.86166
-3.87308
-3.88068
-3.88381
-3.8833
-3.88039
-3.8785
-3.87404
-3.86924
-3.86608
-3.86145
-3.85776
-3.85425
-3.85111
-3.85017
-3.84863
-3.84678
-3.84648
-3.84625
-3.8462
-3.84653
-3.84777
-3.84877
-3.85097
-3.85173
-3.85343
-3.85504
-3.8583
-3.86004
-3.86105
-3.86035
-3.85797
-3.85687
-3.85573
-3.85683
-3.85936
-3.86222
-3.86386
-3.8639
-3.86071
-3.85542
-3.84896
-3.84522
-3.84286
-3.84281
-3.84772
-3.85501
-3.86369
-3.87026
-3.87581
-3.8786
-3.87843
-3.87695
-3.87278
-3.86658
-3.85963
-3.85197
-3.84411
-3.83739
-3.8325
-3.82833
-3.82446
-3.82236
-3.82375
-3.82695
-3.83471
-3.84539
-3.85469
-3.86296
-3.86945
-3.87232
-3.87359
-3.8733
-3.87176
-3.86935
-3.86718
-3.86512
-3.86291
-3.86018
-3.85827
-3.85781
-3.85525
-3.85328
-3.85102
-3.84949
-3.85067
-3.50958
-3.50714
-3.50381
-3.49826
-3.49009
-3.48172
-3.47372
-3.46945
-3.46749
-3.46943
-3.47237
-3.47531
-3.47331
-3.46939
-3.46414
-3.46182
-3.46402
-3.46861
-3.4777
-3.48889
-3.50005
-3.51004
-3.5171
-3.52101
-3.52052
-3.51618
-3.50949
-3.50272
-3.49671
-3.49201
-3.48849
-3.48461
-3.4797
-3.47716
-3.47731
-3.47953
-3.48289
-3.48622
-3.48944
-3.48922
-3.48699
-3.48458
-3.47997
-3.47822
-3.47853
-3.48345
-3.48915
-3.49615
-3.50315
-3.50935
-3.51325
-3.51548
-3.51546
-3.51275
-3.50468
-3.49659
-3.4883
-3.48213
-3.48123
-3.48404
-3.48892
-3.49359
-3.49653
-3.49766
-3.49854
-3.50015
-3.50237
-3.50567
-3.50644
-3.50721
-3.50522
-3.50059
-3.49423
-3.48767
-3.48274
-3.47921
-3.47632
-3.47575
-3.47725
-3.47889
-3.48173
-3.48335
-3.48449
-3.48612
-3.48595
-3.48617
-3.48731
-3.48796
-3.49003
-3.49189
-3.49768
-3.50428
-3.50989
-3.51444
-3.51527
-3.51485
-3.5128
-3.51004
-3.50618
-3.5027
-3.49896
-3.49474
-3.49347
-3.49227
-3.49326
-3.49084
-3.49025
-3.48769
-3.48502
-3.48269
-3.48087
-3.48099
-3.4817
-3.48427
-3.4866
-3.48874
-3.48993
-3.48886
-3.48687
-3.48355
-3.47991
-3.47694
-3.47327
-3.46934
-3.46715
-3.46581
-3.46637
-3.4706
-3.48182
-3.49323
-3.50042
-3.50158
-3.49889
-3.49379
-3.49038
-3.48914
-3.48997
-3.4913
-3.4899
-3.48558
-3.47874
-3.47418
-3.47278
-3.47428
-3.47991
-3.48672
-3.49161
-3.49282
-3.49414
-3.49558
-3.49847
-3.50102
-3.50343
-3.50352
-3.50222
-3.50059
-3.49908
-3.49861
-3.49823
-3.49754
-3.49831
-3.49844
-3.49603
-3.49217
-3.48669
-3.47861
-3.4691
-3.45879
-3.4506
-3.44813
-3.45071
-3.45834
-3.4678
-3.47697
-3.4838
-3.48742
-3.48945
-3.4913
-3.49346
-3.49574
-3.49701
-3.49838
-3.49752
-3.49583
-3.49479
-3.49417
-3.49534
-3.49799
-3.4995
-3.49746
-3.49202
-3.48168
-3.46844
-3.45619
-3.45257
-3.46201
-3.47934
-3.49597
-3.50388
-3.50431
-3.49888
-3.49472
-3.4919
-3.4926
-3.49269
-3.49467
-3.49595
-3.49566
-3.49155
-3.48651
-3.48043
-3.47591
-3.47446
-3.47574
-3.47857
-3.4823
-3.48604
-3.48856
-3.48778
-3.48483
-3.47918
-3.47638
-3.47914
-3.48838
-3.50126
-3.51221
-3.51542
-3.51234
-3.50338
-3.49497
-3.48644
-3.48162
-3.48021
-3.48151
-3.48573
-3.48916
-3.49196
-3.49143
-3.48819
-3.48308
-3.47874
-3.47672
-3.47853
-3.48229
-3.48586
-3.48682
-3.48284
-3.47493
-3.46733
-3.46152
-3.46011
-3.4626
-3.46661
-3.47167
-3.47426
-3.47759
-3.48065
-3.48378
-3.48757
-3.48956
-3.49008
-3.49065
-3.4906
-3.49084
-3.49032
-3.48911
-3.48774
-3.48641
-3.48788
-3.49019
-3.49503
-3.50068
-3.50771
-3.51344
-3.51633
-3.51683
-3.51297
-3.50699
-3.50156
-3.49569
-3.48846
-3.48295
-3.47778
-3.47626
-3.47679
-3.48081
-3.48814
-3.49582
-3.50159
-3.50393
-3.50406
-3.50272
-3.50279
-3.50405
-3.50709
-3.50868
-3.50774
-3.50216
-3.49394
-3.48483
-3.4771
-3.47491
-3.47692
-3.48409
-3.49228
-3.49883
-3.50217
-3.50238
-3.4992
-3.49436
-3.48666
-3.48123
-3.47688
-3.47391
-3.47235
-3.47258
-3.47283
-3.4756
-3.47858
-3.48128
-3.48343
-3.48482
-3.48684
-3.49182
-3.50012
-3.50895
-3.51543
-3.51646
-3.51434
-3.50964
-3.50418
-3.49832
-3.49015
-3.48254
-3.47425
-3.46588
-3.45927
-3.45441
-3.45274
-3.453
-3.45728
-3.46463
-3.47494
-3.48781
-3.49783
-3.50315
-3.50365
-3.50167
-3.49962
-3.49668
-3.49581
-3.49631
-3.49603
-3.49593
-3.49651
-3.49796
-3.49992
-3.50384
-3.50825
-3.51146
-3.51259
-3.51105
-3.50484
-3.49673
-3.48714
-3.47858
-3.47151
-3.4686
-3.46998
-3.47353
-3.48082
-3.48856
-3.49637
-3.50266
-3.50874
-3.51185
-3.51068
-3.50819
-3.50451
-3.49983
-3.49504
-3.48817
-3.48034
-3.4738
-3.46893
-3.46426
-3.46409
-3.46858
-3.4792
-3.49298
-3.50465
-3.51142
-3.51165
-3.5083
-3.50354
-3.49648
-3.49085
-3.4876
-3.48592
-3.48562
-3.48688
-3.48649
-3.48554
-3.48436
-3.48221
-3.48056
-3.47979
-3.48121
-3.4829
-3.48643
-3.49177
-3.4992
-3.50507
-3.51025
-3.51331
-3.51214
-3.50789
-3.50191
-3.49289
-3.48357
-3.47444
-3.4672
-3.46151
-3.4576
-3.45523
-3.45455
-3.45528
-3.45761
-3.46241
-3.46984
-3.47998
-3.49083
-3.4994
-3.50791
-3.51364
-3.51764
-3.51725
-3.51282
-3.50449
-3.49402
-3.48473
-3.47775
-3.47404
-3.47201
-3.47393
-3.47698
-3.4798
-3.48465
-3.49045
-3.49669
-3.50081
-3.5028
-3.50124
-3.49434
-3.48562
-3.47556
-3.46647
-3.45977
-3.45915
-3.46477
-3.47813
-3.49653
-3.51115
-3.5187
-3.51675
-3.51083
-3.50326
-3.49722
-3.49252
-3.48991
-3.48801
-3.48628
-3.48584
-3.48558
-3.48718
-3.48993
-3.49329
-3.49563
-3.49471
-3.49225
-3.48837
-3.48248
-3.47625
-3.47263
-3.47064
-3.47153
-3.47304
-3.47658
-3.47936
-3.48189
-3.48583
-3.48972
-3.49411
-3.49745
-3.4985
-3.49717
-3.49369
-3.4882
-3.48636
-3.48628
-3.48725
-3.48809
-3.4869
-3.48584
-3.48326
-3.48208
-3.48367
-3.48646
-3.49022
-3.49367
-3.49797
-3.50161
-3.50032
-3.49614
-3.48947
-3.4833
-3.48018
-3.47669
-3.47644
-3.47732
-3.48076
-3.4841
-3.4847
-3.48532
-3.48514
-3.48367
-3.48361
-3.48502
-3.48679
-3.4893
-3.49194
-3.4935
-3.49593
-3.49661
-3.49576
-3.49217
-3.4865
-3.4789
-3.47147
-3.46594
-3.46375
-3.46372
-3.46745
-3.47377
-3.48174
-3.49068
-3.50056
-3.50993
-3.51689
-3.51969
-3.51863
-3.51582
-3.51141
-3.50671
-3.5023
-3.49908
-3.49541
-3.49247
-3.48958
-3.48634
-3.48466
-3.48396
-3.48542
-3.48753
-3.49213
-3.49833
-3.50294
-3.50831
-3.51062
-3.51066
-3.50788
-3.50432
-3.501
-3.49845
-3.49604
-3.49288
-3.48969
-3.48622
-3.4813
-3.4763
-3.47191
-3.46969
-3.46895
-3.47115
-3.47386
-3.47797
-3.48183
-3.4872
-3.49224
-3.49622
-3.50026
-3.50286
-3.50507
-3.50627
-3.50609
-3.50393
-3.4991
-3.4939
-3.48726
-3.48172
-3.47838
-3.47781
-3.47916
-3.48172
-3.48262
-3.48306
-3.48508
-3.48833
-3.49258
-3.49872
-3.50273
-3.50297
-3.50102
-3.4971
-3.49252
-3.48915
-3.488
-3.48666
-3.48646
-3.48602
-3.48675
-3.48717
-3.48679
-3.48454
-3.48048
-3.47773
-3.47452
-3.4724
-3.47187
-3.47391
-3.47807
-3.48429
-3.49154
-3.50061
-3.50808
-3.51225
-3.50963
-3.50344
-3.49573
-3.48884
-3.48446
-3.48362
-3.48649
-3.49079
-3.49616
-3.50124
-3.50288
-3.50459
-3.50388
-3.50134
-3.49708
-3.49028
-3.48426
-3.47894
-3.47294
-3.47066
-3.46862
-3.46966
-3.47243
-3.47706
-3.48132
-3.48511
-3.48835
-3.48849
-3.48865
-3.48989
-3.49308
-3.49529
-3.4952
-3.49196
-3.48631
-3.47846
-3.47096
-3.46555
-3.4638
-3.46423
-3.46829
-3.47413
-3.47948
-3.48695
-3.49146
-3.49397
-3.49397
-3.49018
-3.48611
-3.48166
-3.47852
-3.47632
-3.47763
-3.48111
-3.48754
-3.49326
-3.49749
-3.49972
-3.50088
-3.50064
-3.50092
-3.50047
-3.50087
-3.50135
-3.50276
-3.5027
-3.50247
-3.5017
-3.49768
-3.49065
-3.48246
-3.47458
-3.4691
-3.46631
-3.46628
-3.4708
-3.47609
-3.48087
-3.48427
-3.48684
-3.48665
-3.48378
-3.47961
-3.4765
-3.47649
-3.47935
-3.48466
-3.4933
-3.50198
-3.51058
-3.51496
-3.51654
-3.51462
-3.50974
-3.50483
-3.50056
-3.4961
-3.49348
-3.49239
-3.49412
-3.49601
-3.49635
-3.49801
-3.49792
-3.49422
-3.48887
-3.48369
-3.47871
-3.47348
-3.46841
-3.46316
-3.45849
-3.45535
-3.45577
-3.45603
-3.45821
-3.46444
-3.47402
-3.48499
-3.49552
-3.50335
-3.50789
-3.5078
-3.50719
-3.50468
-3.50109
-3.49654
-3.49304
-3.49064
-3.48886
-3.4873
-3.48659
-3.48632
-3.48752
-3.49029
-3.49331
-3.49744
-3.49965
-3.50133
-3.49981
-3.49534
-3.49034
-3.48483
-3.48099
-3.47714
-3.47405
-3.47327
-3.4731
-3.4737
-3.4759
-3.47592
-3.47599
-3.47583
-3.47454
-3.47374
-3.47552
-3.47885
-3.48108
-3.48348
-3.48495
-3.48591
-3.48461
-3.48153
-3.47841
-3.47366
-3.47185
-3.47375
-3.48266
-3.49575
-3.50949
-3.52066
-3.52506
-3.52373
-3.51593
-3.5047
-3.49309
-3.485
-3.48181
-3.48297
-3.48611
-3.49054
-3.49583
-3.49638
-3.49549
-3.49347
-3.49032
-3.48816
-3.48565
-3.48326
-3.47953
-3.47507
-3.47345
-3.47315
-3.47589
-3.48098
-3.48927
-3.49846
-3.50953
-3.51736
-3.52258
-3.5225
-3.51871
-3.51126
-3.50126
-3.49094
-3.48214
-3.47592
-3.47304
-3.47445
-3.47821
-3.48333
-3.48508
-3.48594
-3.48506
-3.48284
-3.47858
-3.47406
-3.47075
-3.46941
-3.46933
-3.47339
-3.47925
-3.48772
-3.49496
-3.50027
-3.50384
-3.50604
-3.50634
-3.50547
-3.50553
-3.50338
-3.50096
-3.49617
-3.49009
-3.48449
-3.48022
-3.47944
-3.47996
-3.48261
-3.485
-3.48526
-3.48603
-3.4868
-3.48743
-3.48902
-3.48857
-3.48889
-3.49025
-3.49067
-3.48985
-3.48572
-3.48294
-3.48387
-3.48984
-3.5008
-3.51305
-3.52352
-3.52903
-3.53017
-3.52585
-3.51981
-3.51113
-3.50125
-3.49259
-3.48482
-3.47878
-3.47584
-3.47468
-3.47488
-3.47497
-3.47388
-3.47351
-3.47371
-3.4758
-3.47986
-3.48382
-3.4898
-3.49402
-3.4968
-3.4987
-3.49692
-3.4954
-3.49008
-3.48321
-3.47412
-3.46572
-3.45932
-3.45793
-3.46109
-3.46995
-3.47849
-3.48661
-3.49097
-3.49369
-3.49456
-3.49503
-3.4967
-3.49867
-3.49997
-3.5002
-3.49857
-3.49491
-3.49177
-3.49081
-3.49076
-3.49383
-3.49811
-3.50263
-3.50587
-3.50643
-3.50523
-3.50338
-3.50106
-3.49862
-3.49737
-3.49583
-3.49455
-3.49389
-3.49404
-3.494
-3.49381
-3.49209
-3.49019
-3.48788
-3.48497
-3.48231
-3.4791
-3.47925
-3.48015
-3.47921
-3.47865
-3.47833
-3.47761
-3.47738
-3.47657
-3.47633
-3.4778
-3.48116
-3.48577
-3.49211
-3.49634
-3.50043
-3.50302
-3.5047
-3.50458
-3.5037
-3.49928
-3.49491
-3.49182
-3.49107
-3.49168
-3.49449
-3.49795
-3.50137
-3.50451
-3.50445
-3.50484
-3.5048
-3.50275
-3.49926
-3.4956
-3.49186
-3.48883
-3.48636
-3.47282
-3.47202
-3.46769
-3.46274
-3.45727
-3.45216
-3.4462
-3.43947
-3.434
-3.42966
-3.42813
-3.42889
-3.43376
-3.44283
-3.45573
-3.46728
-3.47591
-3.47816
-3.47235
-3.45886
-3.44232
-3.4251
-3.4139
-3.41517
-3.42981
-3.45477
-3.48185
-3.50058
-3.51057
-3.51068
-3.5046
-3.49768
-3.48999
-3.48439
-3.47817
-3.47439
-3.46923
-3.46543
-3.46032
-3.45472
-3.44866
-3.44257
-3.43821
-3.43671
-3.43508
-3.43583
-3.4354
-3.43745
-3.44274
-3.45012
-3.45975
-3.47044
-3.4792
-3.48555
-3.48867
-3.48664
-3.48116
-3.47272
-3.4636
-3.45407
-3.44668
-3.44041
-3.43532
-3.43449
-3.43497
-3.43959
-3.44645
-3.45303
-3.4592
-3.46315
-3.46567
-3.46563
-3.46371
-3.4602
-3.45423
-3.448
-3.44194
-3.43765
-3.43686
-3.44076
-3.449
-3.45698
-3.4611
-3.46136
-3.45994
-3.4559
-3.45198
-3.44836
-3.44444
-3.44042
-3.43632
-3.43239
-3.43023
-3.43057
-3.43601
-3.44252
-3.45098
-3.45803
-3.46437
-3.46789
-3.46863
-3.46709
-3.46451
-3.46286
-3.46289
-3.46221
-3.46288
-3.46389
-3.46476
-3.46564
-3.46699
-3.46802
-3.46586
-3.4604
-3.45551
-3.45019
-3.44661
-3.44646
-3.44779
-3.45034
-3.45294
-3.45458
-3.45716
-3.45954
-3.46441
-3.4695
-3.47439
-3.47572
-3.47353
-3.46753
-3.45809
-3.44758
-3.43581
-3.42665
-3.42212
-3.42466
-3.43476
-3.4495
-3.46703
-3.48202
-3.49223
-3.49478
-3.49049
-3.4827
-3.47225
-3.46173
-3.45363
-3.45029
-3.4499
-3.45419
-3.45932
-3.46356
-3.46329
-3.46181
-3.46038
-3.46073
-3.46126
-3.46377
-3.46664
-3.46769
-3.46704
-3.46695
-3.46593
-3.4643
-3.46467
-3.4665
-3.46827
-3.47051
-3.47198
-3.47271
-3.47198
-3.46943
-3.4667
-3.46149
-3.45526
-3.44946
-3.44514
-3.44373
-3.44385
-3.4453
-3.44639
-3.44781
-3.45039
-3.4546
-3.46138
-3.46852
-3.47448
-3.47942
-3.48151
-3.48424
-3.48509
-3.48502
-3.48179
-3.4774
-3.47118
-3.46382
-3.45699
-3.44874
-3.44157
-3.4389
-3.43868
-3.44158
-3.44985
-3.46127
-3.47407
-3.48574
-3.49454
-3.49928
-3.50003
-3.49775
-3.49213
-3.48461
-3.47602
-3.46534
-3.45612
-3.44965
-3.4464
-3.44588
-3.44753
-3.44971
-3.45176
-3.45429
-3.45766
-3.46012
-3.46085
-3.46094
-3.46174
-3.46108
-3.45828
-3.45521
-3.45197
-3.45007
-3.45035
-3.45321
-3.45727
-3.46168
-3.46725
-3.4712
-3.4734
-3.47346
-3.47159
-3.46798
-3.46296
-3.45723
-3.4532
-3.45226
-3.4546
-3.46044
-3.46694
-3.47226
-3.47576
-3.47642
-3.47414
-3.46962
-3.46373
-3.46035
-3.45869
-3.45843
-3.45949
-3.46176
-3.46575
-3.47014
-3.47321
-3.47526
-3.47559
-3.47475
-3.47198
-3.46955
-3.46814
-3.46626
-3.46427
-3.46077
-3.45742
-3.45277
-3.44979
-3.44718
-3.44218
-3.43623
-3.43119
-3.42862
-3.43019
-3.4358
-3.44294
-3.45283
-3.46074
-3.46516
-3.46666
-3.46617
-3.46571
-3.46625
-3.46683
-3.46682
-3.46492
-3.46247
-3.45866
-3.45555
-3.45437
-3.45456
-3.45795
-3.46414
-3.47172
-3.47896
-3.48243
-3.48263
-3.4791
-3.47318
-3.46614
-3.46048
-3.4569
-3.45617
-3.45769
-3.4602
-3.46288
-3.4642
-3.46291
-3.45863
-3.45502
-3.45099
-3.44926
-3.44972
-3.4515
-3.45477
-3.45953
-3.4644
-3.46944
-3.47375
-3.47563
-3.47454
-3.47034
-3.46366
-3.45554
-3.45143
-3.45149
-3.4562
-3.46605
-3.47573
-3.48243
-3.48559
-3.48477
-3.48158
-3.47921
-3.4752
-3.46989
-3.46171
-3.45125
-3.4394
-3.42652
-3.41708
-3.41454
-3.42053
-3.43403
-3.44965
-3.46325
-3.47285
-3.47754
-3.4798
-3.48121
-3.47986
-3.47748
-3.47378
-3.47075
-3.46485
-3.45941
-3.45489
-3.4519
-3.45217
-3.45283
-3.4551
-3.45649
-3.45608
-3.45309
-3.4489
-3.44647
-3.44657
-3.45018
-3.45512
-3.45825
-3.46104
-3.46172
-3.45923
-3.45583
-3.45262
-3.4476
-3.44321
-3.44035
-3.43813
-3.43771
-3.43963
-3.44427
-3.45341
-3.46509
-3.47873
-3.48872
-3.49628
-3.49888
-3.49854
-3.49489
-3.48975
-3.48158
-3.47397
-3.46598
-3.46081
-3.45778
-3.45819
-3.4601
-3.46356
-3.46685
-3.46952
-3.47009
-3.46839
-3.46584
-3.46451
-3.4633
-3.46326
-3.46115
-3.45828
-3.45443
-3.4513
-3.44969
-3.4505
-3.45391
-3.46
-3.4691
-3.47733
-3.48386
-3.48795
-3.48893
-3.48751
-3.48227
-3.47449
-3.46546
-3.45572
-3.44628
-3.43894
-3.43359
-3.43066
-3.4314
-3.43288
-3.43962
-3.4465
-3.45521
-3.46231
-3.47041
-3.47506
-3.47651
-3.4762
-3.47427
-3.47145
-3.46737
-3.46242
-3.45843
-3.45443
-3.45211
-3.45238
-3.4556
-3.45841
-3.46221
-3.468
-3.47311
-3.47897
-3.48441
-3.48624
-3.48349
-3.47479
-3.46077
-3.44588
-3.43201
-3.42203
-3.41648
-3.416
-3.42237
-3.43396
-3.44759
-3.46155
-3.47322
-3.48025
-3.48183
-3.48001
-3.47902
-3.47944
-3.48075
-3.48319
-3.48478
-3.48477
-3.48313
-3.47821
-3.47139
-3.46473
-3.45683
-3.45094
-3.44691
-3.44221
-3.43795
-3.43567
-3.43602
-3.4387
-3.44497
-3.45386
-3.46301
-3.47095
-3.47694
-3.48239
-3.48516
-3.48614
-3.48798
-3.48825
-3.48658
-3.481
-3.4727
-3.46605
-3.45999
-3.45779
-3.45829
-3.4594
-3.46081
-3.463
-3.46328
-3.46177
-3.46181
-3.46275
-3.46525
-3.46968
-3.47189
-3.47201
-3.47208
-3.47086
-3.4694
-3.46543
-3.46091
-3.45669
-3.45127
-3.4473
-3.44605
-3.44852
-3.45333
-3.4617
-3.46831
-3.47318
-3.47575
-3.47388
-3.47027
-3.46405
-3.45952
-3.45543
-3.45269
-3.45114
-3.44967
-3.45218
-3.45577
-3.46267
-3.46863
-3.47489
-3.47755
-3.47679
-3.47464
-3.47157
-3.46798
-3.46378
-3.46071
-3.45667
-3.45157
-3.44733
-3.44279
-3.43988
-3.43763
-3.43957
-3.4468
-3.45583
-3.46608
-3.47434
-3.48044
-3.48221
-3.48131
-3.47963
-3.47726
-3.47492
-3.46838
-3.45942
-3.4507
-3.44218
-3.4362
-3.43189
-3.43164
-3.43388
-3.43823
-3.44491
-3.45179
-3.46122
-3.46801
-3.47256
-3.47539
-3.47403
-3.47024
-3.46298
-3.45603
-3.45052
-3.44803
-3.44787
-3.44989
-3.45267
-3.45325
-3.4493
-3.44497
-3.44039
-3.43854
-3.44408
-3.45417
-3.46643
-3.47569
-3.48017
-3.48017
-3.47629
-3.47099
-3.46391
-3.4559
-3.44904
-3.44535
-3.44609
-3.45124
-3.46058
-3.47145
-3.48018
-3.48501
-3.48297
-3.47572
-3.4645
-3.45239
-3.44045
-3.43134
-3.42506
-3.42149
-3.42159
-3.42419
-3.43061
-3.43527
-3.44111
-3.44736
-3.45311
-3.46075
-3.46828
-3.47534
-3.48107
-3.4842
-3.48295
-3.47955
-3.47316
-3.46389
-3.45571
-3.44877
-3.44365
-3.44149
-3.44331
-3.44681
-3.45173
-3.45748
-3.46266
-3.46718
-3.46856
-3.4682
-3.46721
-3.46481
-3.46414
-3.46299
-3.46345
-3.46397
-3.4638
-3.46129
-3.45726
-3.45182
-3.44799
-3.44642
-3.45098
-3.45884
-3.47084
-3.48214
-3.48881
-3.49147
-3.48974
-3.48386
-3.47519
-3.4652
-3.45263
-3.44087
-3.43076
-3.42367
-3.42164
-3.42725
-3.43643
-3.44944
-3.46168
-3.4697
-3.47391
-3.47021
-3.46418
-3.45731
-3.45266
-3.45154
-3.45448
-3.46006
-3.46608
-3.46985
-3.47006
-3.46822
-3.46443
-3.46122
-3.45845
-3.45531
-3.45337
-3.45253
-3.4525
-3.45399
-3.4585
-3.46581
-3.47344
-3.47862
-3.47843
-3.47472
-3.46742
-3.4603
-3.45302
-3.44785
-3.44683
-3.45006
-3.4545
-3.45721
-3.45935
-3.45824
-3.45716
-3.4562
-3.45805
-3.46043
-3.46356
-3.46496
-3.46563
-3.46303
-3.45877
-3.45376
-3.4478
-3.44216
-3.43863
-3.43948
-3.44302
-3.45016
-3.45617
-3.46141
-3.46128
-3.46028
-3.45928
-3.46087
-3.46586
-3.46949
-3.46995
-3.46656
-3.4606
-3.45462
-3.44883
-3.44401
-3.44149
-3.44108
-3.44252
-3.44664
-3.45141
-3.45702
-3.46178
-3.46505
-3.46546
-3.463
-3.45948
-3.4548
-3.45063
-3.44865
-3.44482
-3.44215
-3.43959
-3.43979
-3.4409
-3.44503
-3.45136
-3.45937
-3.4676
-3.47472
-3.48264
-3.48807
-3.49224
-3.49258
-3.49067
-3.48487
-3.47852
-3.47146
-3.46612
-3.46101
-3.45764
-3.45503
-3.45386
-3.45371
-3.45351
-3.45452
-3.45524
-3.45403
-3.45085
-3.44814
-3.44446
-3.44371
-3.44372
-3.44766
-3.45641
-3.46762
-3.47936
-3.48613
-3.4888
-3.48826
-3.48347
-3.47564
-3.46624
-3.45802
-3.45082
-3.44468
-3.44102
-3.43834
-3.43697
-3.43775
-3.44031
-3.44381
-3.44863
-3.45367
-3.4596
-3.46479
-3.46871
-3.46977
-3.4685
-3.46401
-3.458
-3.45255
-3.4488
-3.4477
-3.45221
-3.45943
-3.46919
-3.47671
-3.48141
-3.48141
-3.47993
-3.47733
-3.47402
-3.46904
-3.46511
-3.46105
-3.45656
-3.45192
-3.44778
-3.44553
-3.44541
-3.44914
-3.45553
-3.46375
-3.46835
-3.4687
-3.46515
-3.45978
-3.45531
-3.45166
-3.45138
-3.45046
-3.44848
-3.44522
-3.44077
-3.43618
-3.4349
-3.43685
-3.44288
-3.45212
-3.46362
-3.4744
-3.48308
-3.48807
-3.48975
-3.48711
-3.48078
-3.47321
-3.46528
-3.45691
-3.44789
-3.44193
-3.43885
-3.4387
-3.44351
-3.45129
-3.46031
-3.46577
-3.4693
-3.46824
-3.46546
-3.46427
-3.46492
-3.46733
-3.469
-3.46983
-3.4696
-3.46681
-3.46323
-3.46101
-3.45713
-3.45306
-3.44897
-3.44585
-3.44619
-3.44772
-3.45304
-3.46136
-3.4704
-3.47675
-3.47982
-3.47904
-3.47667
-3.47264
-3.46965
-3.47022
-3.47281
-3.47704
-3.48075
-3.48028
-3.47712
-3.47019
-3.46231
-3.45427
-3.44701
-3.44082
-3.4381
-3.43878
-3.44168
-3.44667
-3.4535
-3.4614
-3.46653
-3.46795
-3.46684
-3.46154
-3.45558
-3.45015
-3.4468
-3.44914
-3.45209
-3.45477
-3.45492
-3.45536
-3.45678
-3.46035
-3.46579
-3.47066
-3.47101
-3.46676
-3.45962
-3.45052
-3.4406
-3.43289
-3.42968
-3.43104
-3.43714
-3.44583
-3.45486
-3.46272
-3.46928
-3.47136
-3.47267
-3.47263
-3.47171
-3.47175
-3.47219
-3.47369
-3.47367
-3.4755
-3.47604
-3.47507
-3.47344
-3.47135
-3.46837
-3.46455
-3.46153
-3.45997
-3.45804
-3.45758
-3.45592
-3.45284
-3.44972
-3.44592
-3.44173
-3.43792
-3.43601
-3.43569
-3.43802
-3.43869
-3.43983
-3.44008
-3.44157
-3.44331
-3.44678
-3.45359
-3.45979
-3.46565
-3.46917
-3.31922
-3.31273
-3.3075
-3.30258
-3.29587
-3.28823
-3.28023
-3.27232
-3.26529
-3.26005
-3.25841
-3.259
-3.26398
-3.268
-3.27244
-3.27649
-3.2791
-3.28299
-3.28538
-3.28738
-3.28928
-3.29147
-3.29272
-3.29252
-3.29211
-3.29205
-3.28936
-3.29019
-3.29369
-3.30057
-3.30937
-3.31551
-3.3179
-3.31783
-3.3149
-3.31184
-3.30609
-3.30156
-3.29564
-3.29058
-3.28618
-3.28039
-3.27701
-3.27518
-3.27574
-3.27826
-3.28115
-3.2833
-3.28334
-3.28249
-3.28031
-3.27812
-3.27452
-3.2717
-3.27223
-3.27219
-3.2739
-3.2758
-3.27929
-3.2828
-3.28505
-3.28674
-3.28756
-3.28755
-3.28887
-3.29028
-3.29299
-3.29896
-3.30519
-3.31052
-3.31464
-3.31632
-3.31449
-3.30998
-3.30315
-3.29675
-3.29205
-3.29011
-3.29132
-3.2948
-3.30012
-3.30493
-3.30949
-3.31033
-3.30972
-3.30857
-3.30591
-3.30145
-3.29603
-3.28954
-3.28293
-3.27561
-3.26948
-3.26625
-3.26702
-3.26781
-3.26868
-3.26785
-3.26581
-3.26182
-3.25851
-3.2577
-3.25973
-3.2657
-3.27723
-3.29103
-3.30217
-3.30874
-3.30824
-3.30487
-3.29878
-3.29122
-3.28198
-3.27225
-3.26273
-3.25592
-3.25227
-3.25284
-3.25994
-3.27101
-3.28587
-3.30188
-3.31715
-3.32734
-3.33374
-3.33535
-3.33275
-3.32836
-3.3232
-3.31728
-3.31209
-3.30578
-3.30094
-3.29513
-3.28949
-3.28553
-3.28273
-3.28092
-3.27977
-3.27841
-3.27636
-3.27363
-3.26996
-3.26753
-3.26757
-3.26789
-3.27081
-3.27509
-3.28155
-3.2888
-3.29631
-3.30225
-3.30321
-3.29971
-3.29327
-3.28293
-3.27306
-3.26502
-3.26047
-3.25883
-3.26007
-3.26546
-3.27596
-3.28805
-3.29961
-3.30944
-3.31516
-3.31601
-3.31361
-3.30849
-3.30062
-3.29134
-3.28285
-3.27771
-3.27633
-3.27823
-3.28094
-3.28406
-3.28489
-3.28351
-3.28142
-3.28045
-3.2839
-3.29082
-3.29868
-3.304
-3.30497
-3.30212
-3.29564
-3.28713
-3.27811
-3.2701
-3.26601
-3.26723
-3.27441
-3.28541
-3.29685
-3.30487
-3.30619
-3.30252
-3.29409
-3.28519
-3.2791
-3.27725
-3.28117
-3.29077
-3.30211
-3.31709
-3.33046
-3.33955
-3.34362
-3.34203
-3.33452
-3.32408
-3.31161
-3.29994
-3.28934
-3.27944
-3.27182
-3.26756
-3.26552
-3.26906
-3.27623
-3.28303
-3.28768
-3.28978
-3.29031
-3.2885
-3.2862
-3.28331
-3.28071
-3.27916
-3.27833
-3.28099
-3.28378
-3.28864
-3.29187
-3.29427
-3.29498
-3.29481
-3.29151
-3.28676
-3.28153
-3.27682
-3.27147
-3.26942
-3.26796
-3.26842
-3.27133
-3.27443
-3.28029
-3.28797
-3.29796
-3.30859
-3.31613
-3.32019
-3.31778
-3.31131
-3.30264
-3.29562
-3.28812
-3.28251
-3.27741
-3.27008
-3.26135
-3.2511
-3.24453
-3.24382
-3.25061
-3.26554
-3.28387
-3.30153
-3.31455
-3.32184
-3.32581
-3.32732
-3.32806
-3.32711
-3.32214
-3.31415
-3.30209
-3.28854
-3.27499
-3.26507
-3.25933
-3.25908
-3.26169
-3.2686
-3.27825
-3.28929
-3.30048
-3.30811
-3.31323
-3.31326
-3.30941
-3.30394
-3.29739
-3.29245
-3.28743
-3.28391
-3.28067
-3.2795
-3.2834
-3.2904
-3.29921
-3.303
-3.29934
-3.29038
-3.27894
-3.2682
-3.26067
-3.25588
-3.25672
-3.26266
-3.27229
-3.28468
-3.29649
-3.30579
-3.30983
-3.31036
-3.30646
-3.30244
-3.29866
-3.29779
-3.29777
-3.29711
-3.29556
-3.29346
-3.29301
-3.29624
-3.30232
-3.3078
-3.30941
-3.30716
-3.303
-3.29543
-3.2897
-3.28595
-3.28493
-3.28554
-3.28488
-3.28196
-3.27751
-3.27572
-3.27578
-3.28083
-3.28871
-3.29779
-3.3059
-3.31061
-3.30999
-3.30385
-3.29538
-3.28443
-3.27398
-3.26634
-3.26354
-3.26637
-3.27369
-3.28406
-3.29798
-3.31063
-3.31838
-3.32169
-3.3197
-3.31298
-3.30562
-3.2995
-3.29588
-3.29497
-3.29397
-3.29552
-3.29393
-3.29085
-3.28693
-3.28085
-3.27426
-3.26769
-3.26287
-3.26337
-3.27083
-3.28138
-3.29093
-3.29816
-3.3016
-3.30302
-3.30724
-3.31213
-3.31811
-3.32393
-3.32722
-3.32698
-3.32301
-3.31629
-3.30743
-3.29765
-3.28806
-3.27947
-3.27246
-3.26808
-3.26689
-3.26898
-3.27158
-3.2776
-3.28436
-3.29134
-3.29835
-3.30281
-3.305
-3.30367
-3.30082
-3.29943
-3.29874
-3.29888
-3.29732
-3.29354
-3.28716
-3.27765
-3.27012
-3.26966
-3.27902
-3.29408
-3.30428
-3.30176
-3.28959
-3.27429
-3.26165
-3.25597
-3.25835
-3.26914
-3.28136
-3.29068
-3.29413
-3.29462
-3.29472
-3.29586
-3.29765
-3.29973
-3.29894
-3.297
-3.29174
-3.2842
-3.27544
-3.26329
-3.25186
-3.24303
-3.2424
-3.24984
-3.26338
-3.28002
-3.29626
-3.30757
-3.31414
-3.31738
-3.31706
-3.31323
-3.30709
-3.30119
-3.29499
-3.29107
-3.29109
-3.29466
-3.30066
-3.30551
-3.30887
-3.30708
-3.30125
-3.29261
-3.28083
-3.27108
-3.26495
-3.26339
-3.26392
-3.26865
-3.27336
-3.27624
-3.27725
-3.27721
-3.27789
-3.27568
-3.27588
-3.27645
-3.27791
-3.27936
-3.28184
-3.28324
-3.28569
-3.28919
-3.29389
-3.29618
-3.29699
-3.29382
-3.28997
-3.28455
-3.28179
-3.28489
-3.29307
-3.30562
-3.31555
-3.31962
-3.31537
-3.30757
-3.29903
-3.29077
-3.28782
-3.28748
-3.29238
-3.29726
-3.30052
-3.30153
-3.29917
-3.29356
-3.28595
-3.2808
-3.2761
-3.27306
-3.27035
-3.26779
-3.26697
-3.26686
-3.26803
-3.26919
-3.26995
-3.26813
-3.26594
-3.26392
-3.26561
-3.27217
-3.28305
-3.29559
-3.30552
-3.313
-3.31562
-3.31347
-3.30752
-3.30038
-3.29414
-3.288
-3.28272
-3.27876
-3.27502
-3.26884
-3.2613
-3.25478
-3.24876
-3.25025
-3.26085
-3.27921
-3.30041
-3.31574
-3.32444
-3.32492
-3.3203
-3.3125
-3.30325
-3.29655
-3.2917
-3.29037
-3.29255
-3.29552
-3.29783
-3.29707
-3.29204
-3.28366
-3.27435
-3.26635
-3.26207
-3.26182
-3.26551
-3.27207
-3.28169
-3.29263
-3.30037
-3.30364
-3.30079
-3.29417
-3.28686
-3.28288
-3.28415
-3.28795
-3.29194
-3.2945
-3.29282
-3.28767
-3.28403
-3.28301
-3.27892
-3.27478
-3.27377
-3.2748
-3.27769
-3.28079
-3.28237
-3.28591
-3.29045
-3.29592
-3.30212
-3.30628
-3.31041
-3.30948
-3.30622
-3.30098
-3.29405
-3.28701
-3.27854
-3.27069
-3.26606
-3.26231
-3.26297
-3.26522
-3.26854
-3.27211
-3.27714
-3.28537
-3.29346
-3.30056
-3.30685
-3.31083
-3.30803
-3.30663
-3.30126
-3.29684
-3.29292
-3.29089
-3.2894
-3.29054
-3.29524
-3.30209
-3.30778
-3.31105
-3.31093
-3.30807
-3.30595
-3.30312
-3.2997
-3.2995
-3.29992
-3.30058
-3.29763
-3.29376
-3.28764
-3.27965
-3.27086
-3.26517
-3.26027
-3.25719
-3.25479
-3.25296
-3.25361
-3.25866
-3.26803
-3.28012
-3.29416
-3.30452
-3.31012
-3.31159
-3.30736
-3.30043
-3.29001
-3.2797
-3.26704
-3.25817
-3.25511
-3.25818
-3.26684
-3.27955
-3.29013
-3.29594
-3.29791
-3.29395
-3.28822
-3.28248
-3.2798
-3.27939
-3.28262
-3.28809
-3.29398
-3.2991
-3.3039
-3.30858
-3.31165
-3.31287
-3.31057
-3.30516
-3.297
-3.28731
-3.27704
-3.2696
-3.2653
-3.26505
-3.26703
-3.27328
-3.28267
-3.29355
-3.30121
-3.30455
-3.30417
-3.30202
-3.29729
-3.29114
-3.28177
-3.27279
-3.26367
-3.25995
-3.26217
-3.26996
-3.27887
-3.28644
-3.28771
-3.28319
-3.27443
-3.26555
-3.2611
-3.2647
-3.27705
-3.29148
-3.30753
-3.32029
-3.328
-3.32992
-3.32574
-3.31665
-3.30506
-3.2936
-3.28176
-3.27193
-3.26629
-3.2646
-3.26763
-3.27322
-3.28061
-3.28747
-3.29161
-3.29429
-3.29567
-3.29421
-3.29098
-3.28703
-3.28311
-3.2801
-3.27835
-3.27761
-3.27903
-3.28198
-3.28489
-3.28687
-3.28732
-3.28679
-3.28585
-3.28379
-3.28131
-3.28249
-3.28465
-3.2889
-3.29275
-3.2951
-3.29704
-3.29667
-3.29448
-3.29032
-3.28635
-3.2821
-3.28001
-3.27892
-3.2812
-3.28514
-3.29194
-3.30243
-3.31218
-3.32002
-3.32357
-3.32255
-3.31786
-3.3087
-3.29974
-3.29125
-3.28512
-3.28257
-3.28059
-3.28075
-3.2782
-3.27343
-3.26872
-3.26435
-3.26112
-3.26207
-3.26567
-3.27429
-3.28788
-3.30253
-3.31248
-3.3149
-3.30894
-3.29657
-3.27926
-3.266
-3.26056
-3.26811
-3.28048
-3.28793
-3.28839
-3.28816
-3.28991
-3.29692
-3.30586
-3.31662
-3.32364
-3.32503
-3.31857
-3.30958
-3.29876
-3.28972
-3.28618
-3.28682
-3.2903
-3.29207
-3.2927
-3.29278
-3.29308
-3.29592
-3.2995
-3.30465
-3.30565
-3.3054
-3.30136
-3.29563
-3.28977
-3.28372
-3.27738
-3.27151
-3.26491
-3.26074
-3.25834
-3.25725
-3.26095
-3.26701
-3.27574
-3.28533
-3.29298
-3.29923
-3.30452
-3.30847
-3.30888
-3.3059
-3.30079
-3.29514
-3.29068
-3.28863
-3.28797
-3.29004
-3.29335
-3.29645
-3.29951
-3.30186
-3.303
-3.3023
-3.30153
-3.29946
-3.29408
-3.28546
-3.27524
-3.26667
-3.25792
-3.25409
-3.25541
-3.26118
-3.27159
-3.2812
-3.28901
-3.29697
-3.30139
-3.30236
-3.29996
-3.29553
-3.29047
-3.28601
-3.28186
-3.27716
-3.27152
-3.26624
-3.26247
-3.2635
-3.27002
-3.27954
-3.28877
-3.29245
-3.29182
-3.28758
-3.28354
-3.27897
-3.27649
-3.27614
-3.27777
-3.27983
-3.28478
-3.28957
-3.29681
-3.3015
-3.30582
-3.30857
-3.31415
-3.31709
-3.31762
-3.31528
-3.30933
-3.29999
-3.28979
-3.28082
-3.2751
-3.27027
-3.26439
-3.25671
-3.24888
-3.24518
-3.24492
-3.25137
-3.26169
-3.2732
-3.28473
-3.2949
-3.30469
-3.31247
-3.31601
-3.31349
-3.30424
-3.29252
-3.28132
-3.2725
-3.27075
-3.27493
-3.28288
-3.29121
-3.29663
-3.2978
-3.29636
-3.29417
-3.28874
-3.2831
-3.27597
-3.26858
-3.26297
-3.25849
-3.25609
-3.25781
-3.26425
-3.27387
-3.28546
-3.29687
-3.30691
-3.31365
-3.31605
-3.31607
-3.3154
-3.31385
-3.31176
-3.30962
-3.30463
-3.29862
-3.29249
-3.28574
-3.27992
-3.27619
-3.2736
-3.27179
-3.2694
-3.27172
-3.27416
-3.27849
-3.28453
-3.28954
-3.28958
-3.28608
-3.27741
-3.26794
-3.26027
-3.25592
-3.25777
-3.26691
-3.28317
-3.30026
-3.31428
-3.3198
-3.31914
-3.31238
-3.30489
-3.29638
-3.2899
-3.28631
-3.28652
-3.28781
-3.28891
-3.28955
-3.29049
-3.29014
-3.28958
-3.2902
-3.28894
-3.28571
-3.27905
-3.27362
