-5.53402
-5.49831
-5.43838
-5.3535
-5.24257
-5.10413
-4.93654
-4.73815
-4.50762
-4.2443
-3.94881
-3.62375
-3.27435
-2.90911
-2.53986
-2.18103
-1.84806
-1.55512
-1.3129
-1.12714
-0.998316
-0.922378
-0.892055
-0.898279
-0.931409
-0.982147
-1.04221
-1.10474
-1.16454
-1.21813
-1.26376
-1.30106
-1.33071
-1.35394
-1.37192
-1.38538
-1.39431
-1.39796
-1.39495
-1.38367
-1.36266
-1.33106
-1.28901
-1.23785
-1.18008
-1.11907
-1.05856
-1.0022
-0.953216
-0.914152
-0.886762
-0.871881
-0.869389
-0.878196
-0.896375
-0.921406
-0.950351
-0.980131
-1.00778
-1.03069
-1.04702
-1.05584
-1.05723
-1.05226
-1.0427
-1.03067
-1.01832
-1.00753
-0.999927
-0.996954
-0.99979
-1.00914
-1.02491
-1.04603
-1.07056
-1.09621
-1.12084
-1.14291
-1.16168
-1.17718
-1.19004
-1.2012
-1.21164
-1.22216
-1.23316
-1.24462
-1.25611
-1.26689
-1.27603
-1.28258
-1.2857
-1.28476
-1.27955
-1.27035
-1.25804
-1.24394
-1.22965
-1.21673
-1.20639
-1.19919
-1.19491
-1.19251
-1.1904
-1.18682
-1.18027
-1.16981
-1.15523
-1.13691
-1.11531
-1.09054
-1.0621
-1.02905
-0.990564
-0.946443
-0.897408
-0.845227
-0.79251
-0.742331
-0.697774
-0.661527
-0.635557
-0.620747
-0.616721
-0.621881
-0.633785
-0.649822
-0.66782
-0.68645
-0.705247
-0.724454
-0.74478
-0.767069
-0.792041
-0.82005
-0.850905
-0.883843
-0.917666
-0.951015
-0.982781
-1.01246
-1.04016
-1.06636
-1.09138
-1.1149
-1.13582
-1.1527
-1.16431
-1.17004
-1.16992
-1.16467
-1.15557
-1.14447
-1.13377
-1.12628
-1.125
-1.13275
-1.15157
-1.18215
-1.2234
-1.2723
-1.32439
-1.37462
-1.41834
-1.45203
-1.47367
-1.48272
-1.47983
-1.46657
-1.44504
-1.41768
-1.38698
-1.35541
-1.32517
-1.2981
-1.27553
-1.25824
-1.24636
-1.23944
-1.23643
-1.23587
-1.23614
-1.23578
-1.2337
-1.22934
-1.22266
-1.21402
-1.20418
-1.1942
-1.18536
-1.17911
-1.17691
-1.17989
-1.18848
-1.20218
-1.21941
-1.23794
-1.25535
-1.26965
-1.27957
-1.28466
-1.28523
-1.28211
-1.27643
-1.26939
-1.26212
-1.25555
-1.25031
-1.24673
-1.2447
-1.24367
-1.24286
-1.24131
-1.23811
-1.23253
-1.22417
-1.21287
-1.19886
-1.18272
-1.16526
-1.14739
-1.12985
-1.11297
-1.09655
-1.07978
-1.0615
-1.0406
-1.01664
-0.990369
-0.964128
-0.941402
-0.92564
-0.918769
-0.920495
-0.928808
-0.941215
-0.955981
-0.972719
-0.992474
-1.01719
-1.04894
-1.0891
-1.13761
-1.19264
-1.25069
-1.30725
-1.35763
-1.39777
-1.42483
-1.43738
-1.43537
-1.42005
-1.39365
-1.35916
-1.31992
-1.27928
-1.24011
-1.20443
-1.17319
-1.14648
-1.12397
-1.10541
-1.09102
-1.08143
-1.07721
-1.07841
-1.08415
-1.09267
-1.10178
-1.10959
-1.11511
-1.11868
-1.12192
-1.12727
-1.13738
-1.15416
-1.17811
-1.20797
-1.24107
-1.27429
-1.30485
-1.33073
-1.35072
-1.36417
-1.37073
-1.37028
-1.36283
-1.3485
-1.32755
-1.30043
-1.26779
-1.23059
-1.19015
-1.14814
-1.10648
-1.06706
-1.03151
-1.00094
-0.975852
-0.95625
-0.941852
-0.932376
-0.927797
-0.928415
-0.934776
-0.947282
-0.96569
-0.988699
-1.01398
-1.03869
-1.06037
-1.0779
-1.09211
-1.10583
-1.12286
-1.14597
-1.17469
-1.20477
-1.22996
-1.2452
-1.24867
-1.24202
-1.22928
-1.21525
-1.20406
-1.19849
-1.19968
-1.20723
-1.21947
-1.23384
-1.24726
-1.25666
-1.2596
-1.2547
-1.24185
-1.22211
-1.19753
-1.17074
-1.14458
-1.12183
-1.10493
-1.09567
-1.09507
-1.10342
-1.12037
-1.145
-1.17596
-1.21157
-1.24994
-1.289
-1.32668
-1.36103
-1.39035
-1.41344
-1.42979
-1.43966
-1.44395
-1.44402
-1.44146
-1.43781
-1.43438
-1.43198
-1.43067
-1.4297
-1.42761
-1.42258
-1.4128
-1.39695
-1.37444
-1.34561
-1.31154
-1.27371
-1.23354
-1.19216
-1.15017
-1.10763
-1.0641
-1.01885
-0.971087
-0.920467
-0.867719
-0.81521
-0.766933
-0.727705
-0.701766
-0.69158
-0.697527
-0.718436
-0.752358
-0.797076
-0.850237
-0.909228
-0.971043
-1.03233
-1.08961
-1.1397
-1.18025
-1.21006
-1.22913
-1.23852
-1.23999
-1.23558
-1.22707
-1.21565
-1.20178
-1.18532
-1.16594
-1.14341
-1.11803
-1.09065
-1.06271
-1.03623
-1.01347
-0.996615
-0.987258
-0.985991
-0.992164
-1.00402
-1.01903
-1.03443
-1.04775
-1.05727
-1.0622
-1.06268
-1.0595
-1.05375
-1.04629
-1.0375
-1.02714
-1.01448
-0.99875
-0.979702
-0.958261
-0.937165
-0.921151
-0.916011
-0.926328
-0.95289
-0.991874
-1.03669
-1.08086
-1.12007
-1.15247
-1.17811
-1.198
-1.21334
-1.22494
-1.23297
-1.23699
-1.23613
-1.22953
-1.21675
-1.19802
-1.17431
-1.14703
-1.11761
-1.08724
-1.05688
-1.02748
-1.0002
-0.976413
-0.957644
-0.945098
-0.939433
-0.940609
-0.947865
-0.959986
-0.975574
-0.993273
-1.01187
-1.03027
-1.04747
-1.06243
-1.07414
-1.08161
-1.08394
-1.08046
-1.07067
-1.05433
-1.03154
-1.00295
-0.969784
-0.933875
-0.897357
-0.862229
-0.829861
-0.800853
-0.775287
-0.753165
-0.734942
-0.721678
-0.714834
-0.715722
-0.724903
-0.741804
-0.764686
-0.79084
-0.816946
-0.839554
-0.855564
-0.862672
-0.859654
-0.846438
-0.823916
-0.793638
-0.757343
-0.716601
-0.672726
-0.626991
-0.581057
-0.537277
-0.498615
-0.468325
-0.449463
-0.444403
-0.454536
-0.480144
-0.520464
-0.573705
-0.636875
-0.705495
-0.77369
-0.834833
-0.882816
-0.91342
-0.925179
-0.919482
-0.899933
-0.871252
-0.838011
-0.803801
-0.770921
-0.740492
-0.712935
-0.688302
-0.666416
-0.646877
-0.629178
-0.612836
-0.597591
-0.583419
-0.570411
-0.558651
-0.548158
-0.538997
-0.531537
-0.52658
-0.525402
-0.529484
-0.540104
-0.557876
-0.582414
-0.612268
-0.645159
-0.678342
-0.709081
-0.735042
-0.754536
-0.766701
-0.771556
-0.770046
-0.763964
-0.755713
-0.747946
-0.743066
-0.742838
-0.748185
-0.7592
-0.775386
-0.79581
-0.819212
-0.843904
-0.867908
-0.889281
-0.906586
-0.919403
-0.928327
-0.934529
-0.939069
-0.942378
-0.944093
-0.943344
-0.93929
-0.931604
-0.920903
-0.908904
-0.898259
-0.891992
-0.892759
-0.902074
-0.919936
-0.944987
-0.974944
-1.0072
-1.03929
-1.06908
-1.09495
-1.11583
-1.13129
-1.14155
-1.14746
-1.15048
-1.15243
-1.1553
-1.16096
-1.17084
-1.18593
-1.20658
-1.23263
-1.26349
-1.29818
-1.33539
-1.37364
-1.41118
-1.44609
-1.47628
-1.49964
-1.5143
-1.51877
-1.51201
-1.49349
-1.46316
-1.42142
-1.36919
-1.30809
-1.24035
-1.16859
-1.09541
-1.02298
-0.952947
-0.886745
-0.825993
-0.772785
-0.729571
-0.698692
-0.681927
-0.680125
-0.693064
-0.719543
-0.757549
-0.804423
-0.857057
-0.912128
-0.966462
-1.01739
-1.06299
-1.10221
-1.13474
-1.1607
-1.18034
-1.19392
-1.2017
-1.20418
-1.20222
-1.197
-1.18979
-1.18168
-1.1733
-1.16463
-1.15508
-1.14341
-1.12815
-1.10781
-1.08138
-1.04876
-1.01119
-0.971422
-0.933605
-0.902755
-0.883715
-0.879854
-0.892065
-0.91841
-0.954726
-0.995704
-1.03595
-1.07083
-1.09697
-1.1125
-1.11702
-1.11144
-1.09761
-1.07784
-1.05442
-1.02929
-1.00382
-0.978874
-0.954951
-0.932395
-0.911566
-0.892955
-0.877294
-0.865627
-0.859392
-0.860376
-0.870437
-0.89098
-0.922439
-0.963958
-1.01346
-1.06804
-1.12452
-1.17996
-1.23189
-1.27847
-1.3184
-1.35096
-1.37607
-1.3943
-1.40678
-1.41499
-1.42051
-1.42463
-1.42821
-1.43167
-1.43515
-1.43874
-1.44254
-1.44669
-1.45141
-1.45676
-1.46253
-1.46802
-1.47218
-1.47376
-1.4715
-1.46434
-1.45159
-1.43316
-1.40984
-1.38357
-1.35732
-1.3344
-1.31753
-1.30793
-1.30515
-1.30773
-1.31415
-1.32355
-1.33578
-1.3509
-1.36866
-1.38812
-1.40772
-1.42548
-1.43928
-1.44699
-1.44658
-1.43602
-1.41332
-1.3767
-1.32511
-1.25907
-1.18176
-1.09958
-1.02142
-0.95597
-0.908497
-0.879631
-0.866692
-0.865925
-0.873678
-0.886559
-0.901327
-0.915043
-0.925433
-0.931218
-0.932253
-0.929507
-0.924768
-0.920176
-0.917646
-0.918352
-0.922559
-0.929894
-0.939788
-0.951909
-0.966192
-0.982645
-1.00107
-1.02095
-1.0414
-1.06121
-1.07897
-1.09321
-1.10274
-1.10688
-1.10542
-1.0986
-1.08674
-1.07013
-1.04889
-1.02309
-0.992891
-0.958791
-0.921804
-0.883465
-0.845702
-0.810587
-0.780029
-0.75542
-0.737397
-0.725672
-0.719084
-0.715899
-0.714304
-0.713009
-0.711689
-0.71113
-0.712911
-0.718838
-0.730215
-0.747255
-0.768839
-0.79268
-0.815778
-0.83509
-0.848162
-0.853598
-0.851297
-0.842377
-0.82882
-0.813
-0.797214
-0.783353
-0.772786
-0.766413
-0.764789
-0.76829
-0.777284
-0.792202
-0.813488
-0.841481
-0.876212
-0.917236
-0.963653
-1.01424
-1.06768
-1.12261
-1.17762
-1.23129
-1.28212
-1.32859
-1.36917
-1.40228
-1.4264
-1.44012
-1.44231
-1.4324
-1.41061
-1.37812
-1.33721
-1.29115
-1.24397
-1.19986
-1.1626
-1.13503
-1.11879
-1.11439
-1.12146
-1.13901
-1.16569
-1.19989
-1.2398
-1.2833
-1.32802
-1.37131
-1.41046
-1.44296
-1.46675
-1.48034
-1.48294
-1.47443
-1.45533
-1.42679
-1.39057
-1.34899
-1.30484
-1.26117
-1.22095
-1.18679
-1.1606
-1.14347
-1.13568
-1.1368
-1.1459
-1.16168
-1.1826
-1.20668
-1.23146
-1.25412
-1.27191
-1.28279
-1.28569
-1.28049
-1.26776
-1.24875
-1.22518
-1.19915
-1.17296
-1.14873
-1.12832
-1.11323
-1.10453
-1.10276
-1.10776
-1.1187
-1.13421
-1.15258
-1.17189
-1.19022
-1.20588
-1.21774
-1.22555
-1.22991
-1.23212
-1.23363
-1.23547
-1.2378
-1.23979
-1.23985
-1.23596
-1.22613
-1.2088
-1.1831
-1.14927
-1.1089
-1.06526
-1.02307
-0.987888
-0.96463
-0.956186
-0.962637
-0.981561
-1.0091
-1.04109
-1.07388
-1.1046
-1.13121
-1.15233
-1.16719
-1.1755
-1.17742
-1.17347
-1.16431
-1.15043
-1.13199
-1.1087
-1.08002
-1.04549
-1.00519
-0.960168
-0.912637
-0.865913
-0.823955
-0.790637
-0.768868
-0.759961
-0.763492
-0.777636
-0.799735
-0.826918
-0.85644
-0.88581
-0.912732
-0.93522
-0.951784
-0.961709
-0.965252
-0.963469
-0.957925
-0.950325
-0.942254
-0.93506
-0.929823
-0.927307
-0.927812
-0.931099
-0.936394
-0.942497
-0.947941
-0.951247
-0.951194
-0.947043
-0.938738
-0.927003
-0.913337
-0.899855
-0.88902
-0.8832
-0.884125
-0.892414
-0.907157
-0.925919
-0.945239
-0.961504
-0.971855
-0.974871
-0.970837
-0.961691
-0.950679
-0.519553
-0.499054
-0.452055
-0.382007
-0.292293
-0.186995
-0.0713198
0.049044
0.169549
0.2883
0.405579
0.521251
0.632157
0.731507
0.810671
0.862349
0.88373
0.878113
0.85376
0.82036
0.785154
0.751434
0.719856
0.690626
0.664731
0.643803
0.629554
0.623698
0.627834
0.642843
0.66756
0.697266
0.723352
0.736072
0.730266
0.709684
0.684804
0.666163
0.659315
0.664354
0.67857
0.699243
0.724829
0.754676
0.788907
0.828847
0.876487
0.932482
0.99417
1.05575
1.11102
1.15669
1.19379
1.2261
1.25708
1.28752
1.31518
1.33573
1.34441
1.33748
1.3132
1.27216
1.217
1.1518
1.08145
1.01098
0.945141
0.888097
0.843113
0.812407
0.796962
0.796507
0.809697
0.834602
0.869189
0.911636
0.960394
1.01385
1.06962
1.12379
1.17046
1.20272
1.21508
1.20636
1.18056
1.14505
1.10714
1.07143
1.03885
1.00742
0.973894
0.935602
0.891946
0.845059
0.799524
0.76145
0.736829
0.729782
0.741326
0.769024
0.807676
0.850571
0.890819
0.922736
0.942699
0.949306
0.942655
0.92342
0.892393
0.850886
0.801428
0.7481
0.695946
0.649926
0.613833
0.589722
0.578003
0.577705
0.586909
0.603095
0.623365
0.64452
0.663173
0.676209
0.681568
0.678952
0.670124
0.658508
0.648142
0.642441
0.643011
0.648936
0.656799
0.661914
0.66063
0.653109
0.644652
0.643648
0.656924
0.685948
0.726013
0.76779
0.799988
0.81207
0.797208
0.754923
0.691955
0.619979
0.551227
0.495008
0.456564
0.437623
0.437446
0.453696
0.483089
0.521882
0.566197
0.612192
0.655928
0.693302
0.720117
0.732341
0.726949
0.703251
0.664103
0.616221
0.569235
0.533661
0.518703
0.530374
0.570441
0.635961
0.719696
0.81177
0.902247
0.983532
1.05112
1.10235
1.13434
1.14327
1.12622
1.08489
1.02777
0.967382
0.914207
0.873069
0.844391
0.828094
0.82627
0.842721
0.880836
0.941722
1.02371
1.12274
1.23295
1.34689
1.45546
1.54835
1.61561
1.65037
1.65101
1.62088
1.56617
1.49342
1.40845
1.31652
1.22282
1.13256
1.05058
0.980787
0.925651
0.88589
0.860426
0.846641
0.84096
0.839604
0.839475
0.838849
0.837484
0.836362
0.836848
0.839802
0.844905
0.850621
0.854854
0.856298
0.855779
0.856651
0.863834
0.881887
0.913494
0.959055
1.01729
1.08614
1.16284
1.24322
1.32098
1.38791
1.4356
1.45782
1.45247
1.42192
1.37166
1.30817
1.23686
1.16114
1.08252
1.00221
0.923116
0.850878
0.79293
0.756222
0.745136
0.760523
0.799852
0.857846
0.927468
1.00102
1.07125
1.13232
1.1804
1.21391
1.23326
1.2403
1.23752
1.22701
1.2099
1.18621
1.15553
1.11784
1.07421
1.02697
0.979375
0.934735
0.895522
0.862732
0.83587
0.81383
0.796007
0.782748
0.77479
0.772072
0.772765
0.773234
0.769325
0.758123
0.73939
0.715704
0.69144
0.671396
0.659734
0.659483
0.67249
0.699532
0.74022
0.792669
0.853336
0.917506
0.980408
1.03841
1.08935
1.13206
1.16546
1.18813
1.19867
1.19676
1.18433
1.166
1.14844
1.13867
1.14231
1.16189
1.19589
1.23875
1.28207
1.31659
1.33466
1.33232
1.31033
1.27372
1.22949
1.18393
1.14081
1.10157
1.06655
1.03656
1.0135
0.999987
0.998795
1.01226
1.04201
1.08883
1.15239
1.23083
1.32011
1.41289
1.49752
1.55874
1.58232
1.5622
1.50442
1.42377
1.33619
1.25288
1.17869
1.11346
1.05427
0.998171
0.944351
0.895088
0.855093
0.829698
0.822827
0.835444
0.864606
0.903346
0.941798
0.969812
0.980116
0.970582
0.944732
0.910455
0.877651
0.855373
0.849257
0.859903
0.883071
0.911334
0.936147
0.949381
0.944497
0.917708
0.869289
0.804288
0.731848
0.663242
0.60951
0.579371
0.577629
0.604101
0.653176
0.714962
0.778369
0.835544
0.884548
0.928426
0.971768
1.01722
1.06323
1.10391
1.13196
1.14347
1.14135
1.13442
1.13317
1.14557
1.17487
1.21937
1.27316
1.3274
1.37165
1.39547
1.39095
1.35576
1.29506
1.22041
1.14572
1.08253
1.03672
1.00752
0.988167
0.967871
0.935088
0.881463
0.805446
0.713317
0.616487
0.52689
0.453251
0.399893
0.367534
0.354511
0.357945
0.374535
0.40096
0.434027
0.470626
0.507646
0.541949
0.570665
0.591621
0.603809
0.607765
0.605505
0.599942
0.59404
0.590046
0.589127
0.591476
0.596568
0.603327
0.610367
0.616272
0.620143
0.622204
0.624053
0.628488
0.638698
0.657124
0.684362
0.718851
0.75749
0.797028
0.835334
0.871754
0.906551
0.940076
0.972469
1.00345
1.03218
1.05711
1.07623
1.08778
1.09121
1.08787
1.08107
1.07519
1.07404
1.07897
1.08776
1.09517
1.09494
1.08238
1.05591
1.0171
0.969406
0.916654
0.862051
0.808111
0.757291
0.712517
0.676912
0.652993
0.641879
0.642916
0.653671
0.670345
0.68864
0.705038
0.717862
0.727385
0.734778
0.740934
0.746142
0.750295
0.752779
0.752443
0.74853
0.741779
0.734403
0.7291
0.72832
0.734258
0.748935
0.773891
0.809674
0.855187
0.907135
0.959687
1.00487
1.03422
1.04119
1.02301
0.981101
0.92005
0.846386
0.767522
0.690791
0.622751
0.568611
0.531915
0.514461
0.516198
0.535239
0.56806
0.609949
0.655642
0.700111
0.739137
0.769429
0.788231
0.79281
0.780795
0.751733
0.709237
0.662029
0.622754
0.604639
0.617633
0.665321
0.743415
0.840205
0.939647
1.02657
1.09167
1.13319
1.15456
1.16047
1.15403
1.13619
1.10683
1.06663
1.01862
0.968451
0.923257
0.889432
0.870656
0.866993
0.875272
0.890273
0.906261
0.918255
0.922778
0.917736
0.901921
0.874632
0.835904
0.787058
0.731391
0.674353
0.623021
0.584833
0.565867
0.569194
0.59405
0.636077
0.688799
0.745541
0.800868
0.850912
0.892838
0.924815
0.946795
0.960716
0.96877
0.970266
0.960439
0.93343
0.887828
0.829779
0.770874
0.723114
0.694923
0.690047
0.70846
0.747776
0.804059
0.871753
0.943223
1.00927
1.06182
1.09814
1.12337
1.14807
1.18238
1.23095
1.29097
1.35344
1.40632
1.43832
1.44203
1.41535
1.36108
1.28524
1.19549
1.10048
1.00966
0.932748
0.878337
0.852052
0.855015
0.883285
0.928574
0.980601
1.03014
1.07122
1.10101
1.11827
1.12266
1.11625
1.10453
1.0946
1.09158
1.09627
1.10538
1.11334
1.11472
1.10597
1.08608
1.05635
1.01952
0.979032
0.938358
0.90037
0.86686
0.83814
0.812924
0.788644
0.762115
0.730326
0.691042
0.643323
0.587917
0.527596
0.466926
0.411532
0.367091
0.33838
0.328669
0.339462
0.370485
0.419556
0.482476
0.553396
0.62557
0.692415
0.748665
0.791149
0.818855
0.832289
0.83329
0.825888
0.81675
0.813552
0.822102
0.84442
0.878578
0.919777
0.961942
0.99933
1.02771
1.04486
1.05028
1.04445
1.02839
1.00357
0.971925
0.935658
0.896746
0.85649
0.815449
0.773956
0.732923
0.694168
0.659935
0.632163
0.612134
0.600526
0.597541
0.602794
0.615244
0.633271
0.654992
0.678665
0.703096
0.72798
0.75405
0.782725
0.814984
0.849827
0.882908
0.906617
0.912299
0.893995
0.85132
0.789401
0.71627
0.640009
0.567444
0.504094
0.454586
0.422881
0.412338
0.425717
0.465121
0.531745
0.625276
0.743126
0.879756
1.0264
1.17163
1.30284
1.40866
1.48112
1.51703
1.51782
1.48831
1.43506
1.36514
1.28565
1.20357
1.12515
1.05495
0.994943
0.944513
0.901369
0.86257
0.82522
0.787127
0.747475
0.706889
0.666432
0.625822
0.582795
0.534524
0.48005
0.421628
0.364035
0.313019
0.274102
0.252202
0.251557
0.275758
0.327468
0.407919
0.516067
0.647515
0.793403
0.940461
1.07361
1.18062
1.25578
1.29992
1.31752
1.31411
1.29491
1.26443
1.22629
1.1833
1.13741
1.08993
1.04185
0.994027
0.947187
0.901718
0.857822
0.816045
0.777818
0.745534
0.722018
0.709615
0.70943
0.721156
0.743703
0.776122
0.818057
0.869236
0.92829
0.991975
1.05531
1.11278
1.15963
1.19273
1.21063
1.21316
1.20093
1.17512
1.13745
1.09018
1.03608
0.978302
0.920329
0.865613
0.817025
0.776433
0.744682
0.722314
0.710149
0.708987
0.718275
0.734683
0.752484
0.766321
0.774443
0.779656
0.787579
0.80414
0.834
0.879637
0.940556
1.01309
1.09145
1.16934
1.24128
1.3027
1.34957
1.37897
1.39054
1.38794
1.37829
1.36945
1.36701
1.37256
1.38366
1.39502
1.40008
1.39278
1.36923
1.32899
1.2753
1.21398
1.15118
1.09181
1.03884
0.993726
0.957321
0.930664
0.915233
0.912497
0.922882
0.944794
0.974375
1.00665
1.03766
1.06629
1.09434
1.12456
1.15794
1.19231
1.22268
1.24314
1.24899
1.23819
1.21169
1.17258
1.12501
1.07328
1.02146
0.973233
0.931857
0.90004
0.879775
0.8722
0.877501
0.894794
0.922064
0.956275
0.993908
1.0317
1.06682
1.09621
1.11589
1.12087
1.10653
1.07055
1.01468
0.944957
0.870344
0.800354
0.742879
0.702919
0.682435
0.681296
0.698628
0.733887
0.787122
0.858218
0.945706
1.04585
1.15197
1.25436
1.34091
1.39933
1.42053
1.40184
1.3482
1.27042
1.18138
1.09225
1.01056
0.940306
0.88325
0.839978
0.810575
0.794661
0.791306
0.798982
0.815775
0.839678
0.868924
0.902164
0.938298
0.975973
1.01321
1.04742
1.07612
1.09781
1.1124
1.12044
1.12191
1.11567
1.10066
1.07795
1.05145
1.0263
1.00605
0.990784
0.977194
0.960559
0.937447
0.907908
0.876014
0.848435
0.832207
0.832569
0.851294
0.885525
0.927353
0.964651
0.983952
0.975444
0.937348
0.875868
0.801045
0.722467
0.647939
0.584462
0.539174
0.518582
0.527044
0.565888
0.633537
0.72655
0.840569
0.970645
1.11099
1.25422
1.39083
1.5097
1.6002
1.65553
1.67518
1.66434
1.63111
1.58381
1.52958
1.47392
1.42049
1.37141
1.32777
1.29023
1.25909
1.234
1.21409
1.19898
1.18953
1.18737
1.19238
1.20027
1.20257
1.29811
1.22114
1.16058
1.12436
1.11802
1.14275
1.19473
1.26518
1.34228
1.41576
1.48268
1.54905
1.6248
1.71623
1.82165
1.93158
2.03188
2.10799
2.14913
2.15095
2.11555
2.04954
1.96219
1.86494
1.7708
1.6916
1.63428
1.59912
1.58196
1.57899
1.5899
1.61674
1.65977
1.71415
1.77044
1.81853
1.8523
1.87223
1.88447
1.89741
1.91806
1.94965
1.99067
2.03529
2.07471
2.09934
2.10131
2.0765
2.02533
1.95227
1.86461
1.77137
1.68294
1.61035
1.5633
1.54702
1.5594
1.59031
1.62507
1.65126
1.66435
1.66718
1.66474
1.65943
1.65006
1.63362
1.60765
1.5721
1.53019
1.48796
1.45268
1.431
1.42729
1.4428
1.4756
1.52131
1.5741
1.62776
1.67707
1.71888
1.75242
1.77873
1.79962
1.81641
1.8295
1.83869
1.84352
1.84275
1.83321
1.80967
1.76644
1.7003
1.61298
1.51141
1.40533
1.30371
1.21234
1.1337
1.06832
1.01595
0.975838
0.946476
0.925809
0.912428
0.906419
0.909257
0.922689
0.947694
0.983841
1.02914
1.08011
1.13214
1.18035
1.22087
1.25214
1.2755
1.29474
1.31482
1.34056
1.37554
1.4215
1.47854
1.54586
1.62268
1.70784
1.79709
1.87984
1.94001
1.9649
1.95578
1.92748
1.89742
1.87635
1.86647
1.8638
1.86193
1.85607
1.84652
1.83942
1.84346
1.86437
1.90036
1.94104
1.97175
1.9819
1.97144
1.94894
1.92307
1.89587
1.86338
1.82104
1.76857
1.71036
1.65209
1.59735
1.54671
1.49903
1.45325
1.40905
1.36642
1.32557
1.28789
1.25728
1.24036
1.24531
1.27975
1.34805
1.44895
1.57357
1.70549
1.82456
1.91443
1.96887
1.99202
1.99295
1.98014
1.95865
1.92983
1.89291
1.84788
1.79765
1.74754
1.70247
1.6642
1.63068
1.59745
1.56021
1.51755
1.47298
1.43556
1.41874
1.43663
1.49708
1.59278
1.69547
1.76376
1.7706
1.72476
1.6576
1.5955
1.5496
1.51956
1.4995
1.48239
1.4633
1.44153
1.42095
1.40863
1.41214
1.43614
1.47974
1.53612
1.5952
1.64794
1.689
1.71629
1.73043
1.73685
1.74597
1.76764
1.80319
1.8417
1.863
1.84737
1.7878
1.69584
1.59529
1.50931
1.45158
1.42476
1.42348
1.43798
1.45699
1.47059
1.473
1.46427
1.44965
1.43714
1.43411
1.44422
1.46541
1.49012
1.50834
1.51371
1.50909
1.50708
1.52369
1.56913
1.64253
1.73316
1.82671
1.9122
1.98498
2.04508
2.09411
2.13321
2.16258
2.18206
2.19187
2.19314
2.1878
2.17824
2.16706
2.15672
2.14901
2.14424
2.14098
2.13627
2.12629
2.10672
2.07277
2.01984
1.94544
1.85184
1.74694
1.64214
1.54831
1.47291
1.41951
1.38904
1.38105
1.39364
1.42234
1.45919
1.49276
1.51069
1.50434
1.47284
1.42351
1.36756
1.31417
1.26593
1.21837
1.16454
1.1018
1.03595
0.979484
0.945812
0.943497
0.972892
1.02572
1.08735
1.14107
1.17369
1.18021
1.16526
1.14038
1.11913
1.11249
1.1266
1.16259
1.2176
1.28646
1.36333
1.44305
1.5215
1.59483
1.65895
1.71077
1.75061
1.78186
1.8062
1.81864
1.80887
1.76875
1.6996
1.61244
1.5222
1.44146
1.37818
1.33676
1.32032
1.33185
1.3738
1.44661
1.54732
1.66913
1.80237
1.93657
2.06224
2.17059
2.25143
2.29369
2.29209
2.2543
2.19746
2.13702
2.08042
2.02901
1.9822
1.93941
1.90036
1.86478
1.83196
1.79974
1.76428
1.72126
1.6675
1.60204
1.52724
1.45009
1.38176
1.33464
1.31822
1.33603
1.38462
1.45433
1.53174
1.60307
1.65705
1.68627
1.68728
1.66038
1.60965
1.54282
1.46954
1.39884
1.33733
1.28939
1.25857
1.24843
1.26177
1.29926
1.35889
1.43638
1.52508
1.61388
1.68482
1.7176
1.70253
1.64861
1.57592
1.50311
1.4423
1.39951
1.37575
1.36798
1.37092
1.37935
1.38992
1.40198
1.41727
1.43859
1.46797
1.50512
1.54701
1.58847
1.62332
1.64568
1.65072
1.63502
1.59711
1.53831
1.46382
1.38279
1.30689
1.24779
1.21456
1.21237
1.24237
1.30217
1.38691
1.49044
1.60661
1.72997
1.85542
1.97704
2.08726
2.17729
2.23898
2.26685
2.25932
2.21819
2.14789
2.0555
1.95186
1.8514
1.76911
1.71623
1.69711
1.7088
1.74307
1.78967
1.83943
1.88586
1.92441
1.95066
1.95974
1.9479
1.91518
1.86726
1.81505
1.77189
1.74978
1.75641
1.79363
1.85721
1.93682
2.01524
2.06843
2.0724
2.01698
1.91532
1.7962
1.68629
1.59949
1.53803
1.49809
1.47449
1.46287
1.46041
1.46537
1.47594
1.48887
1.49905
1.5017
1.49606
1.48721
1.48377
1.49371
1.52157
1.56786
1.6297
1.70166
1.77687
1.84854
1.91162
1.96362
2.00413
2.03344
2.05117
2.05617
2.04794
2.02901
2.00639
1.98974
1.98636
1.99634
2.01257
2.02687
2.0369
2.04607
2.05839
2.07455
2.09195
2.10649
2.11407
2.11105
2.09443
2.06272
2.01803
1.9675
1.92126
1.88818
1.87276
1.87458
1.88948
1.9109
1.93167
1.94595
1.95091
1.94743
1.93938
1.93146
1.92684
1.92568
1.92559
1.92344
1.91699
1.90514
1.88713
1.8628
1.83363
1.80384
1.78033
1.77104
1.7827
1.81866
1.87769
1.95395
2.03836
2.12049
2.19047
2.23992
2.26203
2.25193
2.2083
2.13531
2.04275
1.94307
1.84752
1.76357
1.69431
1.63935
1.59681
1.56501
1.54332
1.53175
1.52987
1.53578
1.5457
1.5544
1.556
1.54489
1.51673
1.4695
1.40448
1.32676
1.24433
1.16568
1.09721
1.04187
0.999611
0.969102
0.94966
0.942561
0.950908
0.978018
1.02549
1.09211
1.17393
1.26491
1.35811
1.44686
1.52579
1.59113
1.6405
1.6727
1.6878
1.68738
1.67427
1.65188
1.62365
1.59314
1.56487
1.54477
1.53928
1.55317
1.58731
1.63757
1.69594
1.75378
1.80566
1.85087
1.8913
1.92702
1.95438
1.96771
1.96258
1.93886
1.9023
1.86283
1.83027
1.81051
1.80456
1.81023
1.82417
1.84327
1.86489
1.88715
1.90946
1.93296
1.9604
1.99528
2.04062
2.09762
2.16479
2.23762
2.30906
2.3707
2.41407
2.43172
2.4186
2.37457
2.3071
2.23062
2.16203
2.11425
2.0918
2.09026
2.09896
2.10547
2.09951
2.07563
2.0341
1.97973
1.91909
1.8584
1.80308
1.75823
1.72849
1.71745
1.72646
1.75398
1.79576
1.84543
1.8954
1.93797
1.96675
1.97823
1.9729
1.95496
1.93055
1.90462
1.8781
1.84792
1.81101
1.76931
1.73091
1.7066
1.70504
1.72951
1.77741
1.84172
1.91327
1.98253
2.04047
2.07943
2.09522
2.08942
2.06921
2.04436
2.02383
2.01385
2.01752
2.03472
2.06177
2.09116
2.11299
2.11844
2.10376
2.07138
2.02718
1.97664
1.92302
1.86784
1.81198
1.7559
1.6992
1.64041
1.578
1.51234
1.44715
1.38929
1.34705
1.32752
1.33435
1.36632
1.41703
1.47625
1.53301
1.57891
1.60981
1.62611
1.63277
1.63815
1.65079
1.67557
1.71212
1.75535
1.79677
1.82557
1.83033
1.80274
1.74179
1.65493
1.55459
1.45313
1.35976
1.27994
1.21605
1.16791
1.13311
1.10753
1.0863
1.06503
1.04078
1.01286
0.983595
0.958391
0.944416
0.948147
0.973258
1.02015
1.08698
1.17116
1.27014
1.38108
1.5002
1.62202
1.73877
1.84016
1.91454
1.95199
1.94858
1.90881
1.84349
1.76492
1.68338
1.60647
1.53944
1.48532
1.44469
1.416
1.39663
1.38419
1.37712
1.37404
1.37274
1.36954
1.35979
1.33966
1.30827
1.26904
1.22903
1.19654
1.1786
1.17956
1.20063
1.23982
1.2929
1.35461
1.42026
1.48636
1.55077
1.61261
1.67229
1.73112
1.79017
1.8488
1.90416
1.95189
1.98817
2.01187
2.0253
2.0332
2.04107
2.05437
2.07811
2.11498
2.16246
2.21084
2.24429
2.2453
2.20115
2.11025
1.985
1.84838
1.72547
1.63468
1.58328
1.5675
1.57585
1.59374
1.60829
1.61184
1.6029
1.58485
1.56342
1.54451
1.53232
1.52837
1.53236
1.5443
1.56553
1.59734
1.63848
1.68417
1.72699
1.75829
1.76913
1.75083
1.69696
1.60682
1.4881
1.35546
1.22587
1.11426
1.03153
0.984189
0.974017
0.997661
1.04633
1.10699
1.16633
1.21581
1.25423
1.28581
1.31686
1.35354
1.40103
1.46256
1.53839
1.6252
1.71609
1.80145
1.87076
1.91525
1.93055
1.91799
1.88357
1.83506
1.77916
1.72037
1.66162
1.60579
1.55681
1.51953
1.49835
1.49535
1.50882
1.53307
1.56026
1.58329
1.59868
1.60716
1.61168
1.61485
1.61781
1.62087
1.62425
1.62812
1.63225
1.63656
1.6428
1.65472
1.67517
1.70076
1.71824
1.70825
1.65678
1.56387
1.44066
1.30166
1.16106
1.03243
0.927894
0.856319
0.821482
0.821449
0.849553
0.896794
0.955015
1.0194
1.08869
1.16325
1.24236
1.3228
1.39902
1.46466
1.5146
1.54658
1.56179
1.56396
1.55795
1.54901
1.5432
1.54818
1.57274
1.62455
1.70683
1.81577
1.94001
2.06303
2.16795
2.24326
2.28672
2.30461
2.30691
2.30154
2.29141
2.27518
2.25021
2.21568
2.17404
2.13043
2.09058
2.05843
2.03416
2.01345
1.98871
1.95234
1.90075
1.83626
1.76517
1.69423
1.62823
1.56976
1.51998
1.47897
1.44589
1.41917
1.39691
1.37746
1.36007
1.34525
1.33494
1.33203
1.33915
1.35757
1.38682
1.42491
1.4692
1.51724
1.56738
1.61907
1.67276
1.72973
1.79168
1.85954
1.93194
2.00415
2.06893
2.11943
2.15179
2.16543
2.16166
2.14277
2.11221
2.07523
2.03851
2.00848
1.98937
1.98175
1.98223
1.98411
1.97907
1.95992
1.92358
1.87185
1.80931
1.74071
1.67027
1.60225
1.54112
1.49077
1.45376
1.43079
1.42039
1.41915
1.36199
1.30953
1.2716
1.25151
1.25154
1.27299
1.31682
1.38348
1.47157
1.57629
1.68861
1.79598
1.88406
1.9396
1.95464
1.93056
1.88016
1.82579
1.79336
1.80469
1.87107
1.98808
2.13187
2.26042
2.32681
2.30246
2.19136
2.02232
1.83042
1.64337
1.47702
1.337
1.22287
1.13192
1.06122
1.00838
0.972092
0.952632
0.951899
0.972154
1.01391
1.07439
1.14773
1.22732
1.30836
1.38809
1.46353
1.52889
1.5753
1.59364
1.57817
1.52853
1.44971
1.35164
1.24826
1.15462
1.08291
1.0404
1.02985
1.05075
1.09993
1.17144
1.25673
1.34549
1.42743
1.49426
1.5407
1.56502
1.56945
1.5597
1.54331
1.52781
1.51989
1.52537
1.54879
1.59268
1.65635
1.73385
1.81262
1.87616
1.91316
1.9259
1.92728
1.92991
1.94
1.95871
1.98575
2.02169
2.06855
2.12871
2.20288
2.28804
2.37678
2.45849
2.52221
2.5599
2.56825
2.5491
2.5087
2.45593
2.39945
2.34503
2.29452
2.24666
2.19884
2.1488
2.0956
2.03942
1.9809
1.92068
1.86045
1.80467
1.76034
1.73408
1.72848
1.74077
1.76446
1.79204
1.81727
1.83641
1.84847
1.85401
1.85236
1.83957
1.81054
1.76444
1.70761
1.65146
1.60833
1.58887
1.60111
1.64929
1.73233
1.84201
1.96197
2.069
2.13838
2.15239
2.10747
2.015
1.89571
1.77251
1.66494
1.58625
1.54258
1.53311
1.55051
1.58203
1.61261
1.63014
1.63098
1.62074
1.6091
1.60305
1.60317
1.60455
1.60057
1.5871
1.56469
1.53777
1.51157
1.48938
1.47127
1.45441
1.43483
1.40974
1.379
1.34453
1.30855
1.2731
1.24096
1.21659
1.20584
1.21415
1.24417
1.29392
1.35704
1.42551
1.49286
1.55574
1.61308
1.66353
1.70339
1.72662
1.72747
1.70373
1.65804
1.59606
1.52366
1.44552
1.36595
1.29022
1.2249
1.17713
1.15314
1.15689
1.18912
1.24673
1.32286
1.40735
1.48755
1.54954
1.5801
1.56963
1.51505
1.42088
1.29762
1.1587
1.01809
0.888893
0.78232
0.706474
0.665527
0.659476
0.684261
0.732615
0.7956
0.864598
0.93292
0.996408
1.05284
1.10101
1.1405
1.17185
1.19697
1.21918
1.24273
1.2719
1.30997
1.35814
1.4148
1.47543
1.53346
1.58196
1.61552
1.6318
1.63188
1.6199
1.60214
1.58591
1.57839
1.58575
1.61156
1.65454
1.70753
1.75939
1.79875
1.81718
1.81167
1.78602
1.74995
1.71521
1.69104
1.6814
1.68505
1.69792
1.71525
1.73231
1.7442
1.7459
1.73356
1.7062
1.66649
1.62004
1.57331
1.53159
1.49763
1.47193
1.45401
1.44388
1.44293
1.45344
1.47728
1.51488
1.56579
1.63048
1.71079
1.80762
1.91762
2.03166
2.13636
2.21791
2.26691
2.28189
2.26933
2.24001
2.20416
2.16799
2.13338
2.09999
2.06799
2.03969
2.019
2.00967
2.01308
2.02693
2.04495
2.05774
2.05501
2.02867
1.97603
1.90149
1.8153
1.73032
1.65822
1.60669
1.57801
1.56879
1.57116
1.57534
1.57324
1.56135
1.54182
1.52116
1.50713
1.50548
1.51755
1.53981
1.56536
1.58679
1.59868
1.59807
1.58329
1.55283
1.50633
1.44693
1.38253
1.32437
1.28316
1.2652
1.26985
1.28857
1.30628
1.30653
1.27905
1.22455
1.15278
1.07588
1.00318
0.93974
0.888382
0.852549
0.838227
0.85368
0.90721
1.0037
1.14044
1.30353
1.46788
1.60462
1.69357
1.73071
1.72461
1.68818
1.63356
1.57068
1.50708
1.44803
1.39703
1.35723
1.33224
1.32542
1.33773
1.36578
1.40209
1.43772
1.46652
1.48821
1.50834
1.53504
1.57452
1.62743
1.68773
1.74509
1.79023
1.81963
1.83657
1.84804
1.861
1.88063
1.91086
1.95494
2.01448
2.08821
2.17193
2.2595
2.34368
2.41595
2.4658
2.48137
2.45344
2.38085
2.27198
2.14073
2.00089
1.86389
1.73963
1.63697
1.56243
1.51832
1.50178
1.50557
1.52013
1.53591
1.54556
1.54557
1.53704
1.525
1.51578
1.5138
1.51951
1.52992
1.54138
1.55284
1.56682
1.58799
1.62013
1.66332
1.71238
1.75706
1.7845
1.78381
1.75042
1.68728
1.60258
1.50643
1.40901
1.32019
1.24948
1.20533
1.1937
1.21689
1.27301
1.35661
1.45968
1.57285
1.686
1.78894
1.87236
1.92937
1.95692
1.95659
1.93382
1.89607
1.85083
1.80458
1.76296
1.73129
1.71444
1.7155
1.73426
1.76653
1.80526
1.84282
1.87306
1.89187
1.89649
1.88437
1.85296
1.80172
1.73573
1.66811
1.61782
1.60324
1.63584
1.71735
1.8406
1.99218
2.15483
2.30918
2.43608
2.52015
2.55357
2.53799
2.4837
2.40623
2.32069
2.23613
2.15331
2.06719
1.97238
1.86759
1.7567
1.64704
1.54751
1.46712
1.41269
1.38683
1.38779
1.41196
1.45638
1.51924
1.59794
1.68682
1.77648
1.8555
1.91356
1.94375
1.94351
1.91472
1.86293
1.79515
1.71722
1.63269
1.54447
1.45747
1.37927
1.31792
1.27834
1.26019
1.25858
1.26638
1.27673
1.2848
1.28878
1.29001
1.29154
1.29565
1.30128
1.3037
1.29779
1.28187
1.25868
1.23284
1.20836
1.18833
1.17568
1.17358
1.18516
1.21256
1.25544
1.30962
1.36624
1.41342
1.44029
1.44192
1.42126
1.38745
1.35199
1.32528
1.31442
1.32201
1.34653
1.38389
1.42934
1.47859
1.52739
1.56984
1.59781
1.60364
1.58524
1.54862
1.50484
1.46431
1.43329
1.4138
1.40575
1.40917
1.42527
1.45585
1.50201
1.56323
1.63707
1.71869
1.79987
1.86851
1.91063
1.91607
1.88404
1.8235
1.74783
1.66908
1.59507
1.52977
1.47606
1.4388
1.425
1.44074
1.48799
1.56376
1.6609
1.76932
1.87732
1.97316
2.0473
2.09398
2.11152
2.10153
2.0684
2.01933
1.96424
1.9145
1.8806
1.86949
1.88268
1.91552
1.95804
1.99889
2.0313
2.0567
2.08283
2.11829
2.16751
2.2275
2.28584
2.32299
2.32211
2.28041
2.20968
2.12693
2.04697
1.98087
1.93617
1.91638
1.92052
1.94316
1.97474
2.00178
2.00874
1.98288
1.92109
1.83297
1.73687
1.65232
1.59457
1.57253
1.58891
1.64137
1.72331
1.82482
1.93413
2.04027
2.13539
2.21518
2.27738
2.32032
2.34221
2.34073
2.31287
2.25627
2.17197
2.06672
1.95227
1.84222
1.74887
1.6814
1.64485
1.63959
1.6609
1.69977
1.74485
1.78523
1.81288
1.82371
1.81733
1.79625
1.76509
1.72951
1.69482
1.66452
1.63969
1.61947
1.60203
1.5859
1.57115
1.56018
1.55749
1.5678
1.59318
1.63032
1.66899
1.69328
1.68728
1.64312
1.56539
1.46807
1.36777
1.27905
1.21329
1.17897
1.18214
1.22614
1.31046
1.42881
1.56758
1.70691
1.82562
1.90776
1.94687
1.94674
1.91997
1.88438
1.85706
1.84844
1.85938
1.88219
1.9045
1.91447
1.90521
1.87717
1.83719
1.79522
1.76017
1.73728
1.72767
1.72957
1.74027
1.7575
1.77924
1.80154
1.81641
1.81299
1.7839
1.73124
1.66611
1.60277
1.55368
1.52712
1.52588
1.54629
1.57866
1.61058
1.6324
1.64101
1.63918
1.63257
1.62686
1.62507
1.62578
1.62418
1.61572
1.59945
1.57897
1.56088
1.55204
1.55749
1.58003
1.62034
1.6763
1.74129
1.80365
1.84971
1.87078
1.86884
1.85471
1.83982
1.82967
1.82203
1.80867
1.7817
1.7427
1.70417
1.68004
1.67774
1.69787
1.73716
1.7907
1.85327
1.91933
1.98254
2.03596
2.07385
2.09428
2.10053
2.10005
2.10172
2.11296
2.13791
2.17717
2.22918
2.29212
2.36485
2.44598
2.53214
2.61703
2.69218
2.74899
2.78052
2.78232
2.75229
2.6904
2.59903
2.48393
2.35436
2.22193
2.09818
1.99202
1.90808
1.84647
1.80399
1.77636
1.75997
1.75216
1.75035
1.75137
1.75238
1.75255
1.75417
1.76204
1.78131
1.81487
1.86148
1.91537
1.96667
2.00244
2.00927
1.9783
1.91051
1.81741
1.7161
1.62316
1.55102
1.50713
1.49428
1.51134
1.55429
1.61762
1.69548
1.78231
1.87258
1.96037
2.03943
2.10414
2.15042
2.17606
2.18073
2.16676
2.13998
2.10912
2.08365
2.07094
2.0744
2.09261
2.11886
2.14136
2.1454
2.11916
2.0603
1.97697
1.88197
1.78675
1.69935
1.6249
1.56638
1.52501
1.50075
1.49294
1.50077
1.52319
1.55774
1.59902
1.63807
1.66398
1.6683
1.65023
1.6185
1.58738
1.56957
1.57081
1.58868
1.61617
1.64786
1.68434
1.73125
1.79444
1.87531
1.96901
2.06523
2.15055
2.21161
2.23827
2.22605
2.17724
2.10005
2.00672
1.91086
1.82511
1.75919
1.71908
1.70726
1.72345
1.76481
1.82544
1.89529
1.96047
2.00669
2.02524
2.01708
1.99144
1.95987
1.9307
1.9063
1.88357
1.85695
1.82253
1.78091
1.73681
1.69603
1.66301
1.6403
1.6296
1.63255
1.65026
1.68166
1.72211
1.76339
1.79522
1.80767
1.7939
1.75257
1.68904
1.6142
1.54075
1.47814
1.42859
1.38631
1.34089
1.28336
1.21146
1.13101
1.05319
0.989965
0.950491
0.939414
0.956785
0.998641
1.05765
1.12422
1.18779
1.23869
1.26994
1.2787
1.26684
1.2408
1.21039
1.18642
1.17766
1.18779
1.21359
1.24627
1.27627
1.29894
1.31633
1.33325
1.3511
1.36481
1.36614
1.35137
1.32622
1.30348
1.29687
1.31646
1.36641
1.44426
1.54135
1.64435
1.73792
1.80842
1.84765
1.85498
1.83639
1.80105
1.75754
1.71139
1.66487
1.61798
1.56987
1.51969
1.46694
1.41164
1.35466
1.29811
1.24527
1.19993
1.16551
1.14419
1.13642
1.14071
1.15411
1.17347
1.19727
1.22691
1.26614
1.31902
1.38767
1.47119
1.56577
1.66593
1.76605
1.86191
1.95167
2.03582
2.1156
2.19041
2.25579
2.30381
2.32727
2.32485
2.30268
2.27038
2.24401
2.15834
2.09267
2.04719
2.02369
2.02538
2.05494
2.11248
2.19418
2.29183
2.39426
2.49089
2.57551
2.64681
2.70562
2.75256
2.78819
2.81336
2.82862
2.83403
2.83
2.81836
2.80249
2.7861
2.772
2.76096
2.75042
2.73348
2.7003
2.64273
2.55933
2.45664
2.34585
2.23804
2.1411
2.05944
1.99478
1.94757
1.91788
1.90568
1.91045
1.93025
1.96101
1.99688
2.03177
2.06159
2.08569
2.10657
2.12842
2.15595
2.19345
2.24338
2.30501
2.37443
2.44656
2.51692
2.58181
2.63775
2.68169
2.71245
2.73187
2.74405
2.7526
2.75815
2.75776
2.74613
2.71739
2.66692
2.59281
2.49727
2.38706
2.27264
2.16584
2.07665
2.01028
1.96558
1.93562
1.91017
1.87891
1.8344
1.77389
1.69935
1.61603
1.53019
1.44743
1.37227
1.30901
1.26261
1.23853
1.2414
1.27319
1.33143
1.40853
1.49331
1.57597
1.65345
1.73014
1.81315
1.90696
2.01144
2.12254
2.23321
2.33302
2.40796
2.44397
2.43594
2.39389
2.33752
2.28501
2.24787
2.23273
2.24415
2.28541
2.35779
2.45882
2.5807
2.7101
2.82976
2.92144
2.96921
2.9626
2.89941
2.78631
2.63662
2.46621
2.29038
2.12175
1.96887
1.83581
1.72332
1.63087
1.55821
1.50564
1.47314
1.45921
1.46046
1.47228
1.49061
1.51371
1.54276
1.58098
1.63143
1.69442
1.76597
1.8383
1.90258
1.95187
1.98218
1.99133
1.97797
1.94305
1.893
1.84093
1.80369
1.7961
1.82609
1.89235
1.9854
2.09178
2.19866
2.295
2.36923
2.40957
2.40881
2.36848
2.29825
2.21181
2.12317
2.04483
1.98691
1.95596
1.95347
1.97502
2.01103
2.04987
2.08208
2.10384
2.11726
2.12807
2.14208
2.16099
2.17936
2.18569
2.16938
2.12898
2.07386
2.01877
1.97835
1.96439
1.98414
2.03822
2.11905
2.21121
2.29466
2.35057
2.36801
2.34819
2.30413
2.2554
2.22086
2.21203
2.22953
2.26333
2.29612
2.30831
2.28365
2.2129
2.09447
1.93395
1.74418
1.54399
1.35446
1.19383
1.07395
0.999197
0.967915
0.975135
1.01471
1.07935
1.15875
1.23891
1.30613
1.35315
1.38145
1.39792
1.41028
1.42481
1.44591
1.47606
1.51579
1.56365
1.61627
1.66862
1.71484
1.75009
1.7724
1.7835
1.78824
1.79296
1.80388
1.82597
1.86252
1.91502
1.98306
2.06411
2.1535
2.24517
2.33274
2.41012
2.47122
2.50898
2.51594
2.48741
2.42519
2.33901
2.24416
2.15698
2.09054
2.05186
2.04114
2.05387
2.08574
2.13733
2.2141
2.32124
2.45765
2.61191
2.76203
2.88011
2.94192
2.93674
2.87064
2.76086
2.62607
2.47934
2.32731
2.17487
2.03024
1.90581
1.81501
1.76794
1.76815
1.81158
1.88737
1.98039
2.07443
2.155
2.21074
2.23372
2.21977
2.17008
2.09278
2.00184
1.91229
1.83528
1.77621
1.73589
1.71278
1.70484
1.70983
1.7239
1.73918
1.74342
1.72577
1.68712
1.6439
1.61893
1.62893
1.67949
1.76661
1.87988
2.00489
2.12458
2.22125
2.28017
2.29435
2.26716
2.21095
2.14224
2.07637
2.02307
1.98394
1.95344
1.92488
1.89715
1.87511
1.86327
1.85945
1.8539
1.83408
1.79256
1.73242
1.66594
1.60778
1.56824
1.55031
1.54995
1.55915
1.57081
1.58333
1.60126
1.63114
1.67525
1.72824
1.77814
1.81105
1.81652
1.79184
1.74354
1.68561
1.63531
1.60845
1.61586
1.66135
1.74115
1.84455
1.95553
2.05574
2.12796
2.15963
2.14607
2.09237
2.01208
1.92266
1.83998
1.77449
1.72976
1.70301
1.68765
1.6767
1.66598
1.65568
1.64972
1.654
1.67467
1.71696
1.78367
1.87274
1.97451
2.07156
2.14429
2.1809
2.18347
2.1634
2.13112
2.08954
2.03462
1.96002
1.86227
1.74425
1.61528
1.48827
1.37586
1.28809
1.2319
1.21102
1.22531
1.27013
1.33698
1.4156
1.49669
1.57328
1.63986
1.69069
1.71954
1.72267
1.70256
1.66809
1.63007
1.59607
1.56787
1.54257
1.51659
1.49002
1.46831
1.46036
1.4749
1.51598
1.57665
1.63285
1.65089
1.61692
1.55643
1.51153
1.50979
1.55696
1.64201
1.74146
1.82618
1.87433
1.88268
1.86468
1.83776
1.81168
1.78612
1.75633
1.72049
1.68234
1.64892
1.6272
1.62372
1.64599
1.70187
1.79578
1.9242
2.07327
2.21982
2.33679
2.4028
2.41064
2.36782
2.28908
2.18889
2.07947
1.97212
1.87735
1.80277
1.75064
1.71709
1.69301
1.66667
1.62746
1.57016
1.49771
1.42055
1.35324
1.31028
1.30238
1.33334
1.39826
1.48457
1.57652
1.66161
1.73465
1.79728
1.85399
1.90882
1.96401
2.02019
2.07671
2.13157
2.18176
2.22458
2.25902
2.28548
2.30355
2.31
2.30022
2.27293
2.23353
2.19248
2.1602
2.14229
2.13703
2.13461
2.11864
2.07204
1.98704
1.87268
1.75108
1.64541
1.56974
1.52637
1.50794
1.50107
1.49084
1.46657
1.42694
1.38028
1.33931
1.31468
1.31196
1.33189
1.37188
1.42773
1.49541
1.57227
1.65649
1.74508
1.8331
1.91624
1.99434
2.07143
2.15228
2.23868
2.32638
2.40356
2.45383
2.46394
2.43107
2.36366
2.27638
2.18409
2.09891
2.02935
1.97985
1.95118
1.9415
1.94825
1.97003
2.00789
2.06519
2.14526
2.24686
2.35895
2.45804
2.51352
2.50205
2.42167
2.2918
2.14005
1.98993
1.85685
1.7489
1.66787
1.60951
1.56476
1.5229
1.47592
1.42224
1.36777
1.32403
1.30364
1.31557
1.3616
1.4356
1.5255
1.61638
1.69344
1.74376
1.75924
1.74064
1.69977
1.65572
1.62642
1.62094
1.63634
1.66003
1.67731
1.68055
1.67339
1.66671
1.67065
1.68952
1.72319
1.77163
1.83585
1.91351
1.99652
2.07506
2.14332
2.20013
2.24523
2.27609
2.28824
2.27792
2.24474
2.19327
2.13249
2.07353
2.02652
1.99858
1.99416
2.01593
2.06483
2.13852
2.23055
2.33134
2.43108
2.52252
2.60141
2.66434
2.70649
2.72238
2.70906
2.66898
2.61005
2.54295
2.47762
2.42092
2.37594
2.3426
2.31887
2.30165
2.28619
2.26466
2.22725
2.1676
2.08804
1.99809
1.9083
1.82585
1.754
1.69269
1.6393
1.58993
1.54156
1.49473
1.45498
1.43154
1.43325
1.46439
1.52312
1.60325
1.6981
1.80363
1.91785
2.03654
2.14915
2.24002
2.29451
2.30449
2.27055
2.20188
2.11381
2.02339
1.946
1.894
1.87639
1.89778
1.95641
2.04225
2.13747
2.22088
2.27495
2.29214
2.27733
2.24509
2.21318
2.19543
2.19754
2.21671
2.24417
2.26904
2.2816
2.27554
2.24867
2.20196
2.13764
2.05847
1.96902
1.87758
1.79614
1.73765
1.71181
1.72165
1.76258
1.82472
1.89689
1.96937
2.03332
2.078
2.09209
2.07156
2.02551
1.96998
1.91763
1.87518
1.84804
1.84389
1.87065
1.9308
2.01693
2.11185
2.1947
2.25033
2.27618
2.2826
2.28774
2.31022
2.36122
2.43804
2.52259
2.58787
2.61015
2.57818
2.49399
2.36948
2.22307
2.07603
1.94776
1.85233
1.79708
1.78319
1.80663
1.85883
1.92764
1.99915
2.06031
2.1019
2.12042
2.11802
2.10066
2.07574
2.05037
2.0306
2.02096
2.02388
2.039
2.06327
2.09162
2.11809
2.13732
2.14634
2.14548
2.13836
2.1302
2.12584
2.12788
2.13582
2.14606
2.1529
2.15044
2.13498
2.10685
2.07034
2.03168
1.99688
1.97052
1.95565
1.95369
1.96396
1.9831
2.0047
2.01965
2.01768
1.98964
1.9304
1.84142
1.73133
1.61422
1.50615
1.42132
1.36899
1.35168
1.3651
1.40023
1.44727
1.49999
1.5579
1.62484
1.70525
1.80086
1.90941
2.02483
2.13744
2.23347
2.29671
2.31465
2.28701
2.22884
2.16525
2.12254
2.12164
2.17216
2.26461
2.36653
2.43952
2.47225
2.48465
2.49705
2.51069
2.51314
2.49032
2.43515
2.35128
2.25249
2.15841
2.08781
2.05204
2.05171
2.07754
2.11455
2.14846
2.17227
2.18819
2.202
2.21534
2.22343
2.21904
2.19812
2.16293
2.12132
2.08332
2.05766
2.05004
2.06312
2.09748
2.15266
2.2275
2.31999
2.42633
2.54015
2.65205
2.75028
2.82342
2.86433
2.87256
2.85247
2.80904
2.74642
2.67067
2.59191
2.52154
2.46671
2.42742
2.39798
2.37031
2.33694
2.29273
2.23558
2.16623
2.08729
2.00212
1.91427
1.82778
1.74843
1.68422
1.64414
1.63572
1.6628
1.72408
1.81223
1.91368
2.01076
2.08676
2.13134
2.14182
2.12093
2.07523
2.01494
1.95197
1.89658
1.85478
1.82817
1.81597
1.81834
1.83813
1.87857
1.93869
2.00988
2.0758
2.11791
2.12683
2.10989
2.08483
2.06716
2.06427
2.07668
2.10102
2.13209
2.16406
2.19102
2.20715
2.20715
2.18692
2.14537
2.0851
2.01027
1.92343
1.82555
1.71952
1.61332
1.51953
1.45153
1.41893
1.42389
1.46082
1.52124
1.60109
1.70219
1.82657
1.97056
2.1233
2.2681
2.38651
2.46498
2.4993
2.49221
2.44736
2.36774
2.26033
2.14106
2.03227
1.95348
1.91365
1.90946
1.92793
1.95081
1.96057
1.9473
1.91258
1.86679
1.82221
1.78798
1.76946
1.77
1.79263
1.84013
1.91354
2.01022
2.12258
2.23847
2.34331
2.4234
2.46884
2.4751
2.44349
2.38057
2.29642
2.20166
2.10441
2.00924
1.91879
1.83605
1.76538
1.7121
1.68099
1.67442
1.69133
1.72758
1.77745
1.83569
1.8989
1.96455
2.02816
2.0816
2.11596
2.12873
2.12865
2.13258
2.15654
2.20903
2.29049
2.39469
2.50804
2.60869
2.67072
2.67459
2.61792
2.51738
2.39935
2.28786
2.198
2.13545
2.09859
2.08078
2.07306
2.06738
2.05936
2.04905
2.03915
2.03226
2.02894
2.02793
2.02904
2.03597
2.05568
2.09384
2.15057
