1.65
1.64842
1.64364
1.63553
1.62378
1.60795
1.58747
1.56165
1.5297
1.49082
1.44431
1.38975
1.32725
1.25762
1.18258
1.10488
1.0281
0.956272
0.893237
0.84199
0.804218
0.780163
0.768799
0.768195
0.775926
0.789419
0.80622
0.824181
0.841577
0.857169
0.870207
0.880414
0.887925
0.89316
0.89667
0.898984
0.900473
0.90127
0.901259
0.900089
0.897273
0.892329
0.884924
0.87498
0.862741
0.848799
0.834023
0.819401
0.805915
0.794424
0.785595
0.779896
0.777548
0.778506
0.782485
0.788966
0.797261
0.806573
0.816056
0.824895
0.832368
0.837938
0.841339
0.842607
0.842037
0.84012
0.837453
0.834636
0.832191
0.83055
0.8301
0.831157
0.833917
0.83837
0.844221
0.85095
0.857909
0.864485
0.870247
0.874981
0.878706
0.881638
0.884089
0.886392
0.888818
0.891521
0.894522
0.897706
0.900854
0.903691
0.90592
0.907268
0.907522
0.906572
0.904452
0.90136
0.897668
0.893831
0.890323
0.887527
0.885653
0.884685
0.884364
0.884295
0.884007
0.883087
0.881287
0.878557
0.875018
0.870822
0.866015
0.860447
0.853803
0.84575
0.836118
0.824996
0.812769
0.800097
0.787807
0.776763
0.767744
0.761337
0.757821
0.757117
0.758803
0.762195
0.766527
0.771154
0.77568
0.77996
0.784077
0.78826
0.792777
0.797862
0.803645
0.810097
0.817011
0.824053
0.830829
0.837007
0.842454
0.84726
0.85164
0.855777
0.859678
0.863119
0.865724
0.867152
0.867194
0.865834
0.863225
0.859677
0.855669
0.851841
0.848967
0.84789
0.849432
0.854232
0.862562
0.874172
0.888263
0.903585
0.918669
0.932113
0.942823
0.95016
0.953932
0.954316
0.951735
0.946783
0.940156
0.932568
0.924713
0.917213
0.910586
0.905216
0.901306
0.898903
0.897887
0.897971
0.898746
0.899748
0.900543
0.900815
0.900394
0.899272
0.897568
0.895493
0.893337
0.891473
0.890318
0.890292
0.891745
0.894838
0.899453
0.905157
0.911282
0.917132
0.922092
0.925763
0.928018
0.928941
0.928773
0.927857
0.926569
0.925258
0.924216
0.923654
0.923679
0.924273
0.925305
0.926545
0.927714
0.928532
0.928757
0.928227
0.926871
0.92471
0.921861
0.918523
0.91491
0.911214
0.907532
0.903804
0.899794
0.895142
0.889482
0.882617
0.874711
0.866401
0.858697
0.852652
0.848943
0.847598
0.848071
0.849624
0.851691
0.854091
0.857099
0.861317
0.867424
0.875935
0.886979
0.900155
0.914562
0.928963
0.942014
0.952515
0.959605
0.962835
0.962158
0.957886
0.950618
0.941174
0.9305
0.919548
0.909138
0.899845
0.891943
0.885427
0.880156
0.876002
0.87296
0.871182
0.87085
0.871994
0.874384
0.877529
0.880781
0.883544
0.885458
0.886539
0.887224
0.888215
0.890297
0.894101
0.899862
0.90731
0.915746
0.924296
0.932171
0.938807
0.943868
0.947215
0.948812
0.948667
0.946815
0.943287
0.938134
0.931438
0.92332
0.913993
0.903751
0.892994
0.882222
0.87194
0.86258
0.854458
0.847716
0.842338
0.838217
0.835247
0.833407
0.832791
0.833583
0.835956
0.839912
0.845144
0.851038
0.856799
0.861689
0.865337
0.867974
0.870445
0.873947
0.879428
0.886924
0.895309
0.902747
0.907576
0.909036
0.907416
0.90378
0.899517
0.895897
0.893804
0.893628
0.895305
0.898394
0.902171
0.905761
0.908259
0.908905
0.907249
0.903217
0.897075
0.889383
0.880897
0.872439
0.864809
0.858705
0.854657
0.852972
0.853752
0.856908
0.86218
0.869208
0.877531
0.88661
0.89588
0.904764
0.912715
0.919258
0.924052
0.926947
0.928019
0.927545
0.925964
0.923794
0.921544
0.919663
0.918448
0.917966
0.918041
0.918273
0.918112
0.916993
0.91446
0.910256
0.90439
0.897093
0.888728
0.879682
0.870237
0.860526
0.850552
0.840164
0.829103
0.817089
0.803943
0.789797
0.775248
0.76139
0.749612
0.741213
0.737011
0.737196
0.7415
0.749394
0.760254
0.773445
0.788279
0.803957
0.819597
0.834266
0.847076
0.857363
0.864786
0.869349
0.871371
0.871396
0.870038
0.867845
0.86518
0.862167
0.858754
0.854789
0.850128
0.844769
0.838894
0.832873
0.827234
0.822608
0.81962
0.818733
0.82014
0.82367
0.828821
0.834846
0.840903
0.846238
0.850308
0.85284
0.853865
0.853623
0.852458
0.85067
0.8484
0.845602
0.842054
0.837467
0.831678
0.824859
0.817728
0.811618
0.808254
0.809116
0.814642
0.823917
0.8351
0.84626
0.856029
0.863797
0.869566
0.873676
0.876567
0.878582
0.879859
0.88033
0.879782
0.877967
0.874736
0.87011
0.864313
0.857725
0.850726
0.843619
0.836642
0.830003
0.82396
0.818873
0.815149
0.813143
0.813063
0.814919
0.818526
0.82356
0.829627
0.836353
0.843409
0.850496
0.857332
0.863632
0.869109
0.873468
0.876437
0.877783
0.877333
0.87498
0.870708
0.864662
0.857166
0.848719
0.83994
0.831402
0.823516
0.816474
0.810293
0.804954
0.800555
0.797376
0.795826
0.796314
0.799065
0.803992
0.810668
0.818374
0.826199
0.83317
0.838406
0.841247
0.841341
0.838686
0.833569
0.826464
0.817902
0.80833
0.798074
0.787422
0.776745
0.766595
0.757706
0.750933
0.74711
0.746894
0.75069
0.75861
0.77049
0.785909
0.804142
0.824047
0.844048
0.862317
0.877124
0.887215
0.892104
0.892129
0.888288
0.881943
0.874414
0.866713
0.859467
0.852941
0.847146
0.841986
0.837311
0.83292
0.828582
0.82411
0.819401
0.814455
0.809323
0.804048
0.79868
0.793302
0.78807
0.783279
0.779358
0.776828
0.776153
0.777614
0.781198
0.786565
0.793082
0.799945
0.806331
0.811511
0.814931
0.816267
0.815452
0.812712
0.808525
0.803558
0.798584
0.79433
0.791361
0.789998
0.790327
0.792223
0.79542
0.799581
0.804259
0.808905
0.812945
0.815965
0.817855
0.818809
0.819208
0.819418
0.819607
0.819683
0.81935
0.818288
0.816309
0.813473
0.810165
0.807073
0.805034
0.804809
0.806876
0.811278
0.817646
0.82533
0.833578
0.841672
0.849001
0.855093
0.859632
0.862492
0.863732
0.863596
0.862494
0.860955
0.859592
0.858975
0.859562
0.861703
0.865576
0.871175
0.878365
0.886915
0.896501
0.906711
0.917077
0.927085
0.936148
0.943655
0.949062
0.951947
0.952001
0.949034
0.942985
0.93391
0.922015
0.907698
0.891528
0.874183
0.856344
0.838575
0.821293
0.80484
0.789603
0.776128
0.765094
0.757183
0.75295
0.752705
0.756457
0.763911
0.774517
0.787548
0.802141
0.817366
0.832318
0.846235
0.858587
0.869092
0.877696
0.884467
0.889509
0.892922
0.894795
0.895266
0.894574
0.893043
0.891037
0.888889
0.886792
0.884753
0.882598
0.879962
0.876351
0.871265
0.86433
0.855413
0.844762
0.8331
0.821575
0.811646
0.804806
0.802169
0.804149
0.810335
0.81962
0.830502
0.841426
0.851017
0.85826
0.862593
0.863873
0.862333
0.8585
0.853043
0.846619
0.83977
0.832867
0.826106
0.819569
0.813277
0.807267
0.801618
0.796469
0.792055
0.788775
0.787142
0.787707
0.790944
0.797064
0.805926
0.817008
0.829533
0.842617
0.85544
0.867316
0.877719
0.886306
0.892881
0.897412
0.900067
0.901177
0.901201
0.900606
0.899785
0.899012
0.898413
0.898034
0.8979
0.898042
0.898515
0.899368
0.900618
0.902204
0.90393
0.905467
0.906421
0.906376
0.904947
0.901851
0.896975
0.890465
0.882803
0.874811
0.86745
0.861562
0.857577
0.855436
0.854763
0.855127
0.856306
0.858324
0.861296
0.865273
0.870112
0.875478
0.880898
0.885837
0.889735
0.892007
0.892041
0.8892
0.882866
0.872582
0.858325
0.840816
0.821744
0.803602
0.788945
0.779418
0.775319
0.775879
0.779904
0.786212
0.793718
0.801443
0.808512
0.814237
0.818239
0.82049
0.821296
0.821222
0.820949
0.821084
0.82202
0.823861
0.826501
0.829753
0.83349
0.837686
0.842351
0.847449
0.852861
0.858377
0.863689
0.868432
0.872221
0.874726
0.87575
0.875251
0.873305
0.870028
0.865514
0.859798
0.852884
0.844803
0.83567
0.825734
0.815396
0.805186
0.795689
0.78745
0.780886
0.776204
0.773354
0.772027
0.771718
0.771878
0.772089
0.772209
0.772437
0.773234
0.775151
0.778629
0.783789
0.790373
0.797769
0.805134
0.811573
0.816325
0.818933
0.819313
0.817732
0.814717
0.810924
0.806993
0.803445
0.800635
0.798775
0.797967
0.79826
0.799708
0.802394
0.806441
0.811971
0.819034
0.827563
0.837361
0.848129
0.859546
0.871285
0.883019
0.894411
0.905079
0.914639
0.922694
0.928806
0.932537
0.93347
0.931243
0.925638
0.916657
0.904579
0.88999
0.873783
0.857088
0.841118
0.826985
0.815547
0.807329
0.802509
0.801009
0.802584
0.806901
0.813555
0.822071
0.831919
0.84249
0.853104
0.863046
0.871625
0.87828
0.882588
0.884301
0.883348
0.879829
0.874012
0.866308
0.857293
0.847671
0.838219
0.829714
0.822842
0.818107
0.815782
0.815911
0.818342
0.822786
0.828882
0.8362
0.844216
0.852279
0.859627
0.865493
0.869272
0.870641
0.869552
0.866173
0.860851
0.854094
0.846527
0.838821
0.83162
0.825491
0.82089
0.818159
0.817492
0.818889
0.822147
0.826895
0.83264
0.83882
0.844863
0.850249
0.854621
0.857865
0.860131
0.861783
0.86326
0.864916
0.866852
0.868865
0.870497
0.871139
0.870168
0.867069
0.861522
0.85351
0.843423
0.832137
0.820998
0.811633
0.805551
0.803702
0.806215
0.812451
0.821294
0.831513
0.842012
0.851923
0.860632
0.867751
0.873079
0.876559
0.878253
0.878347
0.87708
0.874642
0.871126
0.866478
0.860527
0.853082
0.844088
0.83375
0.822597
0.8115
0.801556
0.793866
0.78931
0.788321
0.790806
0.796249
0.803887
0.812876
0.822403
0.831734
0.840206
0.847232
0.852374
0.855398
0.856355
0.855535
0.853376
0.850375
0.847003
0.843667
0.840706
0.838367
0.83677
0.835881
0.835516
0.835364
0.835031
0.834117
0.832272
0.829271
0.825071
0.819869
0.814086
0.808322
0.803315
0.799794
0.798328
0.799164
0.802102
0.806481
0.811302
0.815456
0.818031
0.818521
0.81692
0.813731
1.65216
1.65483
1.64975
1.63812
1.62093
1.5991
1.57366
1.54594
1.51742
1.48924
1.4618
1.43475
1.40777
1.38138
1.35728
1.33789
1.32549
1.3211
1.32401
1.33199
1.34223
1.35253
1.36182
1.36993
1.37691
1.38266
1.38681
1.38892
1.38849
1.38501
1.3782
1.36834
1.35674
1.34596
1.33904
1.33785
1.34172
1.34782
1.35302
1.35545
1.35493
1.35227
1.34844
1.34405
1.33938
1.33437
1.32854
1.32114
1.31174
1.30082
1.28978
1.28031
1.27334
1.26856
1.26473
1.26064
1.25577
1.25057
1.24625
1.24429
1.2459
1.25181
1.26207
1.27609
1.29286
1.31111
1.32946
1.34658
1.36138
1.37295
1.38069
1.38436
1.38403
1.38009
1.3731
1.36364
1.35219
1.33914
1.32486
1.3099
1.29527
1.28257
1.27379
1.27059
1.27346
1.2814
1.29226
1.30376
1.31438
1.32371
1.33229
1.34118
1.35133
1.36317
1.37625
1.38933
1.40066
1.40839
1.41114
1.40839
1.40067
1.38937
1.37641
1.36381
1.35332
1.34606
1.3425
1.34265
1.34638
1.35351
1.36376
1.37653
1.39074
1.40497
1.4178
1.42805
1.43502
1.43846
1.43853
1.43569
1.43056
1.42388
1.41652
1.40942
1.40352
1.39952
1.39762
1.39748
1.3982
1.39866
1.3979
1.39545
1.39155
1.38723
1.38392
1.3828
1.38395
1.38587
1.386
1.38204
1.37315
1.3604
1.34641
1.3346
1.32831
1.3299
1.33988
1.35659
1.37676
1.39675
1.41365
1.42574
1.43237
1.43369
1.43033
1.42321
1.41335
1.40181
1.38964
1.37792
1.36781
1.36054
1.35733
1.35922
1.3666
1.37889
1.39433
1.41023
1.42348
1.43127
1.43163
1.42382
1.40847
1.38751
1.36369
1.33986
1.31826
1.30019
1.28639
1.27763
1.27504
1.27964
1.29124
1.30771
1.32561
1.34184
1.35488
1.36458
1.37108
1.3739
1.372
1.36429
1.35021
1.33001
1.30465
1.27567
1.2451
1.21547
1.18974
1.17085
1.16096
1.16076
1.16946
1.18532
1.20643
1.23108
1.25778
1.28503
1.31138
1.33544
1.35606
1.37247
1.38439
1.39208
1.39625
1.39788
1.3981
1.39784
1.39763
1.39756
1.39736
1.39663
1.39507
1.3928
1.39034
1.38841
1.38757
1.38778
1.38822
1.38748
1.38414
1.37725
1.36649
1.35203
1.33427
1.31382
1.29168
1.26951
1.24962
1.23451
1.22618
1.22554
1.23216
1.24464
1.26121
1.28031
1.301
1.32296
1.34602
1.36955
1.39209
1.41154
1.42576
1.43327
1.43357
1.42714
1.4153
1.3999
1.38305
1.36673
1.35256
1.34158
1.33416
1.33012
1.32888
1.32963
1.33169
1.33471
1.33868
1.34382
1.35026
1.35784
1.36604
1.37401
1.38085
1.38591
1.38894
1.39013
1.38989
1.38853
1.38605
1.3823
1.37727
1.37147
1.36596
1.36207
1.36082
1.36249
1.36651
1.37169
1.37658
1.37988
1.3806
1.37808
1.37199
1.36228
1.34933
1.33397
1.31743
1.30098
1.28561
1.27188
1.26008
1.25047
1.24345
1.2395
1.23887
1.24119
1.24528
1.24935
1.25136
1.24966
1.24343
1.23303
1.22
1.20682
1.19629
1.19077
1.1916
1.19865
1.2105
1.22502
1.24022
1.25482
1.26829
1.28056
1.29145
1.30051
1.30701
1.31013
1.30909
1.30329
1.29236
1.27625
1.25527
1.23043
1.20369
1.17833
1.15885
1.14963
1.15289
1.16731
1.18874
1.21239
1.23465
1.25387
1.27005
1.28418
1.29737
1.31015
1.32207
1.33188
1.33796
1.33899
1.33446
1.32501
1.31253
1.29983
1.28996
1.28526
1.2866
1.29312
1.30261
1.3121
1.31879
1.32076
1.31758
1.3103
1.30103
1.29231
1.28665
1.28615
1.29216
1.30486
1.32305
1.34424
1.36517
1.38255
1.39365
1.39687
1.39202
1.38051
1.36513
1.34911
1.3349
1.32321
1.31318
1.30332
1.29262
1.28134
1.27117
1.26436
1.26238
1.26473
1.26901
1.27205
1.2712
1.26513
1.25398
1.23923
1.22331
1.20925
1.20014
1.19849
1.20526
1.21928
1.23741
1.25559
1.27032
1.27965
1.28365
1.28424
1.28469
1.28868
1.29903
1.31664
1.34002
1.36601
1.39099
1.4122
1.42814
1.43846
1.4435
1.44405
1.44099
1.43524
1.4276
1.41889
1.40988
1.40139
1.39421
1.38891
1.38577
1.3847
1.38514
1.3863
1.38737
1.38769
1.38693
1.38505
1.38224
1.37886
1.37536
1.37226
1.36989
1.36829
1.36706
1.36544
1.36251
1.35752
1.35022
1.341
1.33078
1.32054
1.31095
1.30225
1.29438
1.28717
1.28051
1.27437
1.2689
1.26449
1.26165
1.26085
1.26225
1.26548
1.26954
1.27309
1.27489
1.27437
1.27202
1.26928
1.26802
1.26974
1.27509
1.28377
1.29491
1.30745
1.32056
1.33364
1.3461
1.35726
1.36631
1.37256
1.37563
1.37564
1.37323
1.36941
1.36536
1.36206
1.35995
1.35892
1.35857
1.35852
1.3586
1.35883
1.35941
1.36073
1.36308
1.36634
1.3699
1.37294
1.37468
1.37438
1.3714
1.36517
1.35545
1.34248
1.32711
1.31099
1.29648
1.28617
1.28215
1.28545
1.2958
1.31195
1.33202
1.35387
1.37537
1.39463
1.41012
1.42084
1.42624
1.42632
1.42161
1.41308
1.40204
1.38999
1.37835
1.36834
1.36088
1.35679
1.35687
1.36188
1.37211
1.38672
1.4033
1.4182
1.42738
1.4276
1.41737
1.39755
1.3713
1.34326
1.31805
1.29874
1.28617
1.27958
1.27761
1.27934
1.28453
1.29329
1.30561
1.3208
1.3373
1.35299
1.36584
1.37452
1.37868
1.37899
1.37676
1.37356
1.37078
1.36945
1.37019
1.3734
1.37941
1.38837
1.40013
1.41395
1.42848
1.44179
1.45176
1.45655
1.45511
1.44747
1.43477
1.41878
1.40139
1.38418
1.36827
1.3544
1.34305
1.33418
1.32724
1.32156
1.31736
1.31607
1.31967
1.32901
1.34278
1.35786
1.37069
1.37864
1.38037
1.37576
1.3654
1.35039
1.3323
1.31333
1.29623
1.28348
1.27606
1.27264
1.27005
1.26492
1.25537
1.24176
1.22643
1.21286
1.20452
1.20382
1.21167
1.22745
1.24948
1.27556
1.30316
1.32954
1.35182
1.36738
1.3744
1.37237
1.36232
1.34661
1.32833
1.31035
1.29464
1.28224
1.27362
1.26889
1.26756
1.26811
1.26847
1.26699
1.26326
1.25816
1.25328
1.25033
1.25047
1.25413
1.26099
1.27024
1.28083
1.29165
1.30176
1.31053
1.31776
1.32375
1.32918
1.335
1.34215
1.35141
1.36317
1.37735
1.39334
1.40995
1.42564
1.43882
1.44811
1.45254
1.45158
1.44521
1.43393
1.41878
1.40133
1.38343
1.36694
1.35341
1.34382
1.33854
1.33751
1.34026
1.34567
1.35182
1.35638
1.35748
1.35429
1.34718
1.33748
1.32695
1.31736
1.31003
1.30572
1.30464
1.30666
1.31148
1.3187
1.3278
1.33818
1.34928
1.36076
1.3725
1.38442
1.39631
1.40766
1.41779
1.42609
1.43214
1.43571
1.43674
1.43532
1.43174
1.42649
1.42014
1.41325
1.40617
1.39901
1.39153
1.38323
1.37368
1.36298
1.35224
1.34358
1.33959
1.34224
1.35197
1.36753
1.38677
1.40736
1.42734
1.44519
1.45971
1.46988
1.47477
1.47362
1.46575
1.45071
1.42833
1.39905
1.36414
1.32582
1.28716
1.2517
1.22278
1.20281
1.19287
1.19266
1.20088
1.21563
1.23482
1.25636
1.2782
1.29852
1.31597
1.32991
1.34055
1.34865
1.35523
1.36127
1.36759
1.37455
1.38204
1.38979
1.39784
1.40675
1.41735
1.43004
1.44432
1.45892
1.47224
1.48272
1.48897
1.48979
1.48414
1.47121
1.45054
1.42225
1.38736
1.3482
1.30847
1.2725
1.24397
1.22468
1.21446
1.21185
1.21503
1.22228
1.23209
1.2433
1.25508
1.26686
1.27835
1.28941
1.29994
1.30992
1.31939
1.32848
1.3372
1.34531
1.35227
1.35735
1.35992
1.35966
1.35664
1.35118
1.34357
1.33388
1.32206
1.30829
1.29329
1.2783
1.26475
1.25393
1.24672
1.24349
1.24429
1.24894
1.25714
1.26848
1.28243
1.29829
1.31523
1.3323
1.34855
1.36319
1.37563
1.38563
1.39302
1.39757
1.39903
1.39755
1.39408
1.39033
1.38803
1.38792
1.38943
1.39102
1.39087
1.38744
1.37985
1.36804
1.35292
1.33612
1.31944
1.30447
1.29252
1.28472
1.28194
1.28432
1.29087
1.29952
1.30782
1.31392
1.31712
1.31795
1.31788
1.31883
1.32267
1.33068
1.34315
1.35925
1.37736
1.39564
1.4126
1.42731
1.43938
1.44861
1.4548
1.45761
1.45667
1.45185
1.4436
1.43304
1.42166
1.4107
1.40057
1.3908
1.38049
1.36922
1.35743
1.34651
1.33821
1.33399
1.33462
1.33994
1.34912
1.36095
1.37414
1.3875
1.39993
1.41048
1.41833
1.42293
1.42392
1.4212
1.41497
1.40573
1.3943
1.38163
1.36858
1.35591
1.3444
1.33513
1.32952
1.32898
1.33437
1.34546
1.36073
1.37779
1.39397
1.40703
1.41554
1.419
1.4176
1.41173
1.40162
1.38728
1.36867
1.34598
1.32
1.29238
1.26569
1.24323
1.22853
1.22434
1.23159
1.24901
1.2735
1.30123
1.3288
1.35388
1.37527
1.39252
1.40561
1.41466
1.41988
1.4216
1.42029
1.41648
1.41069
1.40336
1.39478
1.38515
1.37471
1.36393
1.35353
1.34424
1.33655
1.33059
1.3263
1.32372
1.32323
1.32523
1.3295
1.33498
1.34013
1.3438
1.34583
1.34712
1.34915
1.35311
1.35927
1.36661
1.37324
1.377
1.37616
1.36992
1.35885
1.34502
1.33183
1.32332
1.3226
1.33061
1.34593
1.36588
1.38776
1.4094
1.42886
1.44421
1.45359
1.45569
1.45001
1.43683
1.41698
1.39154
1.36169
1.32881
1.29471
1.26188
1.23333
1.21207
1.20015
1.19789
1.20388
1.21575
1.23097
1.24735
1.26324
1.27755
1.28975
1.29963
1.30713
1.31229
1.31535
1.31665
1.31643
1.31451
1.31044
1.30417
1.29684
1.65673
1.67553
1.69267
1.70619
1.71374
1.71353
1.70501
1.68908
1.66821
1.64588
1.62528
1.60748
1.59088
1.57239
1.54966
1.52255
1.49337
1.46605
1.44487
1.43318
1.43249
1.4424
1.46109
1.48588
1.51346
1.54003
1.56214
1.57771
1.58664
1.59027
1.58999
1.58614
1.57823
1.56608
1.55081
1.53497
1.52148
1.51224
1.50726
1.50472
1.50194
1.49655
1.48725
1.4742
1.45896
1.44408
1.43247
1.42666
1.42819
1.43727
1.4529
1.47319
1.49569
1.51753
1.53558
1.54694
1.54993
1.54498
1.53491
1.52406
1.51627
1.51316
1.51398
1.51709
1.52134
1.52671
1.53389
1.54362
1.556
1.57024
1.58465
1.59709
1.60556
1.60871
1.60607
1.59812
1.58613
1.57182
1.55701
1.54331
1.53169
1.52243
1.5152
1.50936
1.50438
1.49999
1.49612
1.49279
1.4903
1.48953
1.49195
1.49934
1.51289
1.53239
1.55611
1.58142
1.60575
1.62742
1.64575
1.66068
1.67247
1.68147
1.68827
1.69354
1.69777
1.70101
1.70285
1.70272
1.70017
1.69514
1.68799
1.67954
1.671
1.66369
1.65868
1.65642
1.65653
1.65787
1.65895
1.65827
1.65467
1.64756
1.63689
1.62282
1.60555
1.58536
1.56337
1.54254
1.52757
1.52247
1.52743
1.53847
1.55031
1.55928
1.5643
1.56637
1.56747
1.56926
1.57197
1.57398
1.57272
1.56625
1.5548
1.54117
1.52973
1.52393
1.52431
1.52862
1.53424
1.54021
1.54746
1.55733
1.57016
1.58484
1.59971
1.61359
1.62618
1.63777
1.64876
1.6594
1.66982
1.68011
1.69002
1.69862
1.7041
1.70409
1.69616
1.67867
1.65158
1.617
1.5794
1.54455
1.51744
1.50031
1.4923
1.49079
1.4931
1.49759
1.50382
1.51211
1.52266
1.53486
1.54728
1.55852
1.56797
1.57616
1.58446
1.59426
1.60621
1.61949
1.6315
1.63816
1.63497
1.61898
1.59164
1.56075
1.53843
1.53347
1.54483
1.56402
1.58271
1.59678
1.60597
1.61209
1.61756
1.62424
1.6327
1.642
1.65007
1.65451
1.65358
1.64711
1.63674
1.62522
1.6152
1.60833
1.60531
1.60592
1.60853
1.60996
1.607
1.59871
1.58788
1.58042
1.58257
1.59729
1.62206
1.65036
1.67514
1.69186
1.69923
1.69859
1.69276
1.68513
1.67878
1.6756
1.67574
1.67774
1.6792
1.67777
1.67215
1.66278
1.6519
1.64269
1.63753
1.63616
1.63526
1.63014
1.61739
1.59678
1.5711
1.54453
1.52053
1.50065
1.48488
1.47256
1.46311
1.45626
1.45195
1.45007
1.45029
1.45205
1.45465
1.45731
1.45927
1.45992
1.45909
1.45708
1.45473
1.45315
1.45368
1.4578
1.46703
1.48237
1.50348
1.52834
1.5538
1.57663
1.59447
1.60611
1.61114
1.60954
1.60175
1.5889
1.57321
1.558
1.547
1.54307
1.54683
1.55644
1.56866
1.58063
1.59138
1.60207
1.6149
1.63099
1.64905
1.6656
1.67653
1.67891
1.67218
1.65847
1.64202
1.62787
1.62026
1.62107
1.62927
1.64157
1.65384
1.6625
1.66536
1.66177
1.65236
1.63855
1.62198
1.60419
1.58636
1.56958
1.555
1.54353
1.53512
1.52878
1.52391
1.52173
1.52521
1.53703
1.55735
1.58345
1.6111
1.63652
1.65719
1.67176
1.67938
1.67922
1.67052
1.65294
1.62708
1.59459
1.55799
1.52015
1.48373
1.45126
1.42574
1.4105
1.40742
1.41479
1.42794
1.44223
1.45518
1.46629
1.47587
1.48433
1.49192
1.4988
1.50516
1.51158
1.51907
1.52891
1.54211
1.5591
1.57935
1.60098
1.62082
1.63518
1.64105
1.63707
1.62395
1.60432
1.58205
1.56121
1.54527
1.53652
1.53611
1.54402
1.55914
1.57925
1.60154
1.6233
1.6425
1.65782
1.66824
1.67276
1.67053
1.66122
1.64525
1.62371
1.59841
1.57246
1.55111
1.54048
1.54395
1.55963
1.58188
1.6049
1.62465
1.63905
1.64769
1.65143
1.65189
1.65077
1.6492
1.6475
1.64519
1.6414
1.63537
1.62692
1.61676
1.60624
1.5971
1.59111
1.58979
1.59432
1.60538
1.62286
1.64553
1.6709
1.69565
1.7163
1.72996
1.73489
1.73052
1.7174
1.69683
1.67051
1.64017
1.60736
1.57347
1.54009
1.50932
1.48362
1.46544
1.4565
1.45748
1.46801
1.48695
1.51235
1.54119
1.56936
1.59242
1.60691
1.61129
1.60624
1.5941
1.57797
1.56068
1.54431
1.53032
1.51999
1.51477
1.51582
1.52334
1.53583
1.55021
1.56248
1.56887
1.56676
1.5552
1.53513
1.50936
1.48294
1.46309
1.45734
1.46951
1.49668
1.53075
1.56339
1.58969
1.6084
1.62047
1.6275
1.63095
1.63179
1.63063
1.62802
1.62497
1.62302
1.62371
1.62753
1.63321
1.63825
1.64012
1.63718
1.62901
1.6162
1.60019
1.58291
1.5663
1.55185
1.54033
1.53188
1.52642
1.52402
1.52509
1.52991
1.53794
1.54728
1.5551
1.5591
1.55896
1.55656
1.55429
1.55306
1.55197
1.54966
1.54559
1.54023
1.53467
1.53017
1.52794
1.52905
1.53422
1.54312
1.55397
1.56397
1.57047
1.57198
1.56847
1.56108
1.5517
1.5425
1.53532
1.53111
1.5297
1.52999
1.53051
1.53023
1.52897
1.52741
1.52655
1.52717
1.52973
1.53448
1.54153
1.55047
1.56011
1.56842
1.57299
1.57165
1.56315
1.54761
1.52654
1.50255
1.47869
1.45794
1.44287
1.43556
1.43754
1.44934
1.46988
1.49642
1.52525
1.55289
1.57692
1.59627
1.61098
1.62163
1.6288
1.63274
1.63343
1.63094
1.62572
1.61874
1.61148
1.60562
1.60287
1.60463
1.61168
1.62387
1.63993
1.65769
1.67479
1.68937
1.70057
1.70851
1.71379
1.71682
1.71739
1.71469
1.70771
1.69581
1.67913
1.65861
1.63584
1.61274
1.59118
1.5727
1.55836
1.54879
1.5443
1.54482
1.54987
1.55859
1.57001
1.58311
1.59688
1.61006
1.62093
1.6276
1.62857
1.6234
1.61312
1.59996
1.58648
1.57433
1.56376
1.55421
1.54546
1.5384
1.53471
1.53593
1.54246
1.55298
1.56478
1.575
1.58175
1.5846
1.58417
1.58146
1.57749
1.57308
1.56885
1.56503
1.56129
1.55677
1.55036
1.54104
1.5282
1.51204
1.49368
1.47507
1.45863
1.44692
1.44227
1.44639
1.4596
1.47997
1.5034
1.52482
1.54007
1.54737
1.54769
1.54404
1.54024
1.5396
1.54405
1.55381
1.56763
1.58362
1.59988
1.61477
1.62673
1.63438
1.63655
1.63271
1.62319
1.60912
1.59231
1.57496
1.55936
1.54751
1.54057
1.53855
1.54033
1.54416
1.54856
1.55319
1.559
1.56709
1.57727
1.58745
1.5945
1.59566
1.58961
1.57677
1.559
1.53888
1.51922
1.50271
1.49169
1.48752
1.48995
1.49701
1.50581
1.51358
1.51827
1.51872
1.51478
1.50738
1.49856
1.49124
1.48811
1.49047
1.49783
1.50858
1.52108
1.53429
1.54774
1.56118
1.57452
1.58784
1.60155
1.61608
1.63139
1.64649
1.65942
1.6677
1.66916
1.66258
1.64822
1.62796
1.60497
1.58272
1.56403
1.55048
1.54222
1.53795
1.53517
1.53118
1.52415
1.51377
1.50117
1.4886
1.47909
1.47598
1.48186
1.49735
1.52062
1.54819
1.57644
1.60254
1.62478
1.64245
1.65559
1.66496
1.67183
1.6777
1.68401
1.69177
1.70133
1.71216
1.72274
1.73098
1.73485
1.73305
1.72524
1.71178
1.69328
1.6703
1.64344
1.61351
1.58182
1.55042
1.52215
1.50046
1.48847
1.4877
1.49729
1.51434
1.53531
1.55713
1.57752
1.59491
1.60842
1.61787
1.62372
1.62677
1.62775
1.62719
1.62549
1.62327
1.62159
1.62184
1.62529
1.63236
1.64228
1.6531
1.66244
1.66814
1.66883
1.66405
1.6543
1.6408
1.62505
1.60842
1.59195
1.57622
1.56144
1.54737
1.53346
1.51922
1.50461
1.49032
1.47757
1.46755
1.46076
1.45672
1.45418
1.45157
1.44723
1.43957
1.42759
1.41177
1.39475
1.3812
1.37656
1.38511
1.40798
1.44204
1.48079
1.51664
1.54365
1.55906
1.56356
1.56044
1.55412
1.54867
1.54669
1.54892
1.55451
1.56173
1.5687
1.57408
1.57722
1.57804
1.57647
1.572
1.5641
1.55287
1.53938
1.52559
1.51395
1.50714
1.50787
1.51833
1.53916
1.56865
1.60291
1.63714
1.66692
1.68899
1.70131
1.70321
1.69556
1.68085
1.66294
1.64586
1.6324
1.62322
1.61717
1.6123
1.60657
1.59822
1.58603
1.56964
1.54975
1.52807
1.50726
1.49037
1.48004
1.47769
1.48308
1.49452
1.5097
1.52655
1.54367
1.5602
1.57539
1.58821
1.59733
1.60147
1.60001
1.59339
1.58325
1.57203
1.56202
1.5545
1.54946
1.54613
1.54369
1.5417
1.54001
1.53854
1.53723
1.53607
1.535
1.53348
1.53026
1.52426
1.51615
1.50949
1.50987
1.52171
1.54562
1.57872
1.61683
1.65574
1.69152
1.72067
1.74064
1.75034
1.75033
1.7426
1.72991
1.71483
1.6989
1.68252
1.66545
1.64762
1.62965
1.61288
1.59903
1.58959
1.58526
1.58578
1.59009
1.59678
1.60434
1.61102
1.61464
1.61261
1.60255
1.58328
1.55564
1.52281
1.48969
1.46146
1.44186
1.43188
1.42981
1.43254
1.43734
1.4429
1.44934
1.45735
1.4673
1.47863
1.48993
1.49952
1.50619
1.5098
1.51156
1.51372
1.51875
1.52802
1.54125
1.55683
1.57287
1.58797
1.60134
1.6127
1.62209
1.6298
1.63631
1.64218
1.64785
1.65351
1.65894
1.66351
1.66631
1.66643
1.66335
1.6571
1.64826
1.63762
1.62595
1.61384
1.60153
1.58893
1.57565
1.56115
1.54504
1.52757
1.50998
1.49427
1.48244
1.47567
1.47414
1.47741
1.48471
1.49495
1.50661
1.51771
1.52633
1.53111
1.53172
1.52906
1.52507
1.52229
1.523
1.52834
1.53809
1.55104
1.56585
1.58131
1.59621
1.60932
1.61952
1.62605
1.62873
1.62799
1.65521
1.66962
1.68181
1.69083
1.69577
1.69597
1.69102
1.68053
1.66419
1.64211
1.61535
1.58618
1.55799
1.53489
1.52085
1.51848
1.52773
1.54516
1.56431
1.57729
1.57708
1.55952
1.52507
1.48017
1.43704
1.40995
1.4086
1.43337
1.47668
1.52814
1.57902
1.6241
1.66146
1.69125
1.71451
1.73239
1.74582
1.7553
1.76081
1.76176
1.75737
1.74725
1.73189
1.71273
1.69152
1.66962
1.64772
1.62652
1.60753
1.59325
1.58647
1.58921
1.60196
1.62363
1.65157
1.68191
1.71031
1.73311
1.74803
1.75415
1.75154
1.74102
1.72421
1.70351
1.68184
1.66215
1.64685
1.63753
1.63475
1.63788
1.64527
1.65473
1.66403
1.67115
1.67437
1.67232
1.66415
1.64998
1.63142
1.61207
1.59688
1.58945
1.58957
1.59371
1.59784
1.59966
1.59854
1.59457
1.58772
1.57752
1.56325
1.5446
1.52227
1.49826
1.47554
1.45735
1.44618
1.44313
1.44777
1.45828
1.47199
1.48619
1.49899
1.50971
1.51871
1.52692
1.53525
1.54427
1.55415
1.56491
1.57654
1.5887
1.60025
1.60921
1.61354
1.61227
1.60593
1.59629
1.58555
1.57559
1.56757
1.56182
1.55815
1.55667
1.55846
1.56504
1.57694
1.59264
1.60899
1.62236
1.62942
1.62754
1.61512
1.59207
1.5604
1.52459
1.49134
1.4681
1.46062
1.47065
1.49543
1.52909
1.56478
1.59639
1.61964
1.63244
1.63485
1.62894
1.61848
1.60803
1.60136
1.59985
1.60206
1.60504
1.60635
1.60542
1.60348
1.60249
1.60387
1.60776
1.61305
1.61824
1.62227
1.62504
1.62732
1.63035
1.63507
1.64167
1.64973
1.65862
1.66775
1.67638
1.68325
1.68667
1.68496
1.67717
1.66367
1.64615
1.62688
1.60776
1.5898
1.57322
1.55826
1.54584
1.53761
1.53534
1.53988
1.55073
1.56645
1.58539
1.60625
1.62788
1.64887
1.66741
1.68143
1.68897
1.68867
1.68004
1.6637
1.6414
1.61588
1.59067
1.56982
1.55728
1.55609
1.56749
1.59054
1.62247
1.65952
1.69772
1.73332
1.76303
1.78442
1.79619
1.79828
1.79175
1.77861
1.76149
1.74291
1.72483
1.70851
1.69456
1.68328
1.67476
1.66881
1.66488
1.66201
1.65893
1.65435
1.6472
1.63699
1.62405
1.60961
1.59557
1.58405
1.57678
1.57467
1.57759
1.58448
1.59358
1.60272
1.6097
1.61251
1.60982
1.60166
1.58982
1.5774
1.56779
1.56367
1.56614
1.57438
1.58574
1.59683
1.6048
1.6083
1.60751
1.6036
1.59798
1.59204
1.58728
1.58518
1.58697
1.5931
1.60299
1.61513
1.62767
1.63905
1.64844
1.65575
1.66121
1.66493
1.66662
1.66566
1.66148
1.65387
1.6428
1.62799
1.60873
1.58445
1.55571
1.52481
1.49545
1.47173
1.4567
1.45114
1.45343
1.46056
1.46952
1.47843
1.48677
1.49476
1.50256
1.50966
1.51491
1.51705
1.51539
1.51026
1.50321
1.49685
1.4942
1.49781
1.50881
1.52626
1.54739
1.56851
1.58609
1.5977
1.6025
1.60134
1.59651
1.59097
1.58735
1.58697
1.58942
1.59287
1.59487
1.59343
1.5878
1.57873
1.56806
1.55796
1.55012
1.54558
1.54492
1.54871
1.55722
1.56976
1.58427
1.59763
1.60665
1.60928
1.60545
1.59749
1.58977
1.58731
1.59349
1.60858
1.62999
1.65408
1.67789
1.69971
1.7187
1.73388
1.7436
1.74538
1.73653
1.71517
1.68155
1.63921
1.59518
1.55801
1.53413
1.52542
1.52977
1.54334
1.56234
1.58362
1.60489
1.62461
1.64176
1.65546
1.66469
1.66844
1.66634
1.65926
1.64937
1.63942
1.63151
1.62606
1.62166
1.61593
1.60684
1.59394
1.5788
1.56441
1.55372
1.54806
1.54676
1.54782
1.54901
1.54856
1.54509
1.53747
1.525
1.50775
1.48667
1.46332
1.43966
1.4181
1.40169
1.39401
1.39806
1.4147
1.442
1.47617
1.51321
1.54978
1.58302
1.61041
1.63005
1.64124
1.64474
1.64267
1.63792
1.63343
1.63152
1.63336
1.63868
1.64592
1.65302
1.65837
1.66153
1.66314
1.66418
1.66496
1.66473
1.66197
1.65532
1.6444
1.63038
1.61607
1.60525
1.6014
1.60632
1.61965
1.63936
1.66272
1.68691
1.70926
1.72714
1.73818
1.74061
1.73363
1.71759
1.69387
1.66465
1.6325
1.60018
1.57055
1.54627
1.52936
1.52081
1.52032
1.52641
1.53701
1.54999
1.56347
1.57584
1.58558
1.59132
1.59211
1.58792
1.57989
1.56999
1.56047
1.55318
1.54934
1.5498
1.55535
1.56681
1.58451
1.60726
1.63149
1.65167
1.66214
1.65895
1.64097
1.60979
1.56904
1.52368
1.47937
1.44187
1.41594
1.40422
1.40658
1.42015
1.4403
1.4623
1.4831
1.50215
1.52088
1.54116
1.56387
1.58838
1.61289
1.63503
1.6523
1.66271
1.66548
1.66105
1.65049
1.63472
1.61426
1.58977
1.56268
1.53553
1.51155
1.4938
1.48438
1.48408
1.49235
1.50752
1.52741
1.55016
1.57464
1.59998
1.62486
1.64717
1.66457
1.67551
1.67992
1.67919
1.67551
1.67108
1.66751
1.66548
1.66466
1.66405
1.66282
1.6611
1.66013
1.66142
1.66559
1.67204
1.67946
1.68661
1.6925
1.69626
1.69688
1.69339
1.68504
1.67176
1.65465
1.63621
1.62
1.60948
1.60652
1.61075
1.61976
1.63023
1.63898
1.64375
1.64353
1.63855
1.62987
1.6188
1.60654
1.59426
1.58357
1.57679
1.57623
1.58276
1.59489
1.6095
1.62339
1.63453
1.64218
1.64643
1.64737
1.64476
1.63807
1.62688
1.61114
1.59137
1.5688
1.54568
1.52551
1.51248
1.50989
1.51843
1.53588
1.55844
1.58248
1.60558
1.62653
1.64461
1.65858
1.6665
1.66648
1.65764
1.64055
1.61706
1.58993
1.56245
1.53798
1.51934
1.5083
1.50547
1.51049
1.52217
1.53851
1.55671
1.57349
1.58573
1.59126
1.58945
1.58157
1.57052
1.55978
1.55164
1.54594
1.54048
1.53243
1.52005
1.50375
1.48686
1.47513
1.47389
1.48473
1.50482
1.52929
1.55356
1.57411
1.58853
1.59556
1.59526
1.58901
1.57944
1.57045
1.56672
1.57229
1.58857
1.61326
1.6412
1.66652
1.68443
1.69197
1.68806
1.67322
1.64929
1.61914
1.58623
1.55384
1.52443
1.49933
1.47921
1.46449
1.45559
1.45309
1.45783
1.47057
1.49118
1.51794
1.54761
1.57627
1.60033
1.61701
1.62473
1.6233
1.61406
1.59962
1.58339
1.56869
1.55803
1.55275
1.55302
1.55808
1.56649
1.57648
1.58634
1.59489
1.60167
1.60691
1.61121
1.61508
1.61868
1.62141
1.62198
1.6189
1.6113
1.5999
1.5875
1.57881
1.57878
1.59025
1.61246
1.64163
1.67289
1.70176
1.72476
1.73926
1.74337
1.73592
1.71675
1.68736
1.65135
1.6143
1.58239
1.56054
1.55102
1.55305
1.56305
1.57573
1.58572
1.58951
1.58646
1.57858
1.56955
1.5632
1.562
1.56625
1.57424
1.58316
1.5903
1.59393
1.59361
1.58982
1.58338
1.575
1.56536
1.55566
1.54827
1.54645
1.55269
1.56681
1.58583
1.60545
1.62164
1.63152
1.63386
1.62939
1.62075
1.61158
1.60494
1.60208
1.60241
1.60431
1.60609
1.60682
1.60685
1.60764
1.61069
1.61654
1.62425
1.63189
1.63728
1.63863
1.63478
1.62527
1.61051
1.59229
1.57397
1.5597
1.55239
1.55191
1.55536
1.55927
1.56174
1.56322
1.5662
1.5733
1.58457
1.5968
1.60584
1.60909
1.606
1.5974
1.5847
1.56946
1.55332
1.53816
1.52603
1.51873
1.51698
1.51999
1.52563
1.53121
1.53438
1.53371
1.52884
1.52015
1.50812
1.49301
1.47512
1.45521
1.4349
1.41644
1.40224
1.39431
1.39397
1.40187
1.41808
1.44197
1.47206
1.50581
1.54002
1.5714
1.59735
1.61652
1.62884
1.63532
1.63736
1.63621
1.63279
1.62794
1.6227
1.61802
1.61431
1.61107
1.60694
1.6003
1.59002
1.57613
1.55997
1.54421
1.5325
1.52884
1.53613
1.55451
1.58105
1.61087
1.63904
1.66169
1.6765
1.68255
1.68016
1.67054
1.65532
1.63623
1.61483
1.59258
1.57104
1.55184
1.5365
1.52616
1.52146
1.5225
1.52863
1.53819
1.54863
1.55703
1.56101
1.55928
1.55205
1.54114
1.53002
1.52322
1.52462
1.53548
1.55393
1.57643
1.59954
1.62079
1.63866
1.65232
1.66147
1.6661
1.66639
1.66249
1.65459
1.64322
1.62976
1.6167
1.60725
1.60409
1.60779
1.61611
1.62496
1.63044
1.6306
1.626
1.61881
1.6109
1.6024
1.59177
1.57706
1.55736
1.53356
1.50825
1.48515
1.46814
1.46033
1.46325
1.4765
1.49792
1.52409
1.55111
1.57532
1.59384
1.60491
1.60776
1.60243
1.58968
1.57114
1.5496
1.52909
1.51388
1.50673
1.50765
1.5141
1.52252
1.53015
1.53597
1.54073
1.5461
1.55344
1.56281
1.57306
1.58255
1.58997
1.59455
1.59581
1.59331
1.58675
1.5763
1.56317
1.54966
1.53877
1.53349
1.53597
1.54678
1.56447
1.58586
1.60703
1.62484
1.63829
1.64882
1.65955
1.67343
1.69161
1.71286
1.73418
1.75201
1.76343
1.7668
1.7619
1.74973
1.73228
1.71231
1.6929
1.67696
1.66667
1.66302
1.66564
1.67274
1.68149
1.68864
1.69145
1.68864
1.68102
1.67116
1.66207
1.65544
1.65089
1.64704
1.64324
1.64075
1.64196
1.64823
1.65824
1.66835
1.67431
1.67273
1.66195
1.64233
1.61616
1.58723
1.5601
1.53894
1.5265
1.52328
1.52773
1.53721
1.54911
1.56169
1.57425
1.58684
1.59981
1.61356
1.62837
1.64437
1.66141
1.67895
1.69605
1.71161
1.72458
1.73426
1.74044
1.74352
1.74437
1.74393
1.7427
1.74034
1.73572
1.72746
1.71464
1.69724
1.67612
1.65273
1.62864
1.60508
1.5826
1.56104
1.54001
1.51962
1.50111
1.48684
1.47913
1.47872
1.48414
1.66291
1.69177
1.71508
1.73244
1.74396
1.74933
1.74774
1.73842
1.72121
1.69709
1.66837
1.63835
1.61022
1.586
1.56621
1.55051
1.5385
1.52983
1.52412
1.52109
1.52066
1.52272
1.52675
1.5318
1.53674
1.54064
1.54314
1.54489
1.54784
1.55493
1.56885
1.59042
1.6181
1.64875
1.67904
1.70649
1.72968
1.74804
1.76141
1.76977
1.77306
1.77136
1.76514
1.75549
1.74414
1.733
1.72349
1.71607
1.71028
1.70503
1.699
1.69087
1.6798
1.66579
1.6498
1.6332
1.61722
1.60286
1.59104
1.58257
1.57772
1.57593
1.57588
1.57631
1.57676
1.57787
1.58112
1.58825
1.60081
1.61959
1.64422
1.67295
1.70284
1.73042
1.75263
1.76773
1.77582
1.77884
1.77985
1.78208
1.78803
1.79883
1.81421
1.83282
1.85293
1.87296
1.89162
1.9077
1.9198
1.92637
1.92593
1.91766
1.90203
1.88109
1.85801
1.83576
1.8154
1.79573
1.77448
1.74994
1.72173
1.69074
1.65894
1.62941
1.60642
1.5945
1.59574
1.60791
1.62554
1.64308
1.6567
1.66417
1.66402
1.65518
1.63708
1.61015
1.57631
1.53912
1.50342
1.47451
1.45719
1.4548
1.46833
1.49617
1.53468
1.57937
1.62578
1.67025
1.7103
1.74478
1.77355
1.79686
1.81494
1.82774
1.8352
1.83772
1.83621
1.83199
1.8263
1.81973
1.81201
1.80214
1.78902
1.77227
1.75274
1.7325
1.71403
1.69945
1.69009
1.68678
1.69013
1.70014
1.71526
1.73193
1.74523
1.75054
1.74505
1.72862
1.70364
1.67386
1.64308
1.61465
1.59201
1.57868
1.577
1.58688
1.60576
1.62966
1.65435
1.676
1.69151
1.69882
1.69738
1.68837
1.67461
1.65965
1.64652
1.63665
1.62961
1.62371
1.61711
1.60909
1.60109
1.59649
1.59874
1.60885
1.62462
1.64183
1.65597
1.66317
1.66089
1.64848
1.6277
1.60273
1.57933
1.56319
1.5579
1.5635
1.57643
1.59089
1.60095
1.60268
1.59539
1.58174
1.56679
1.55655
1.55629
1.56927
1.59643
1.63648
1.68592
1.73938
1.79064
1.83418
1.86631
1.88556
1.89237
1.88823
1.87504
1.85499
1.83107
1.80734
1.7879
1.77513
1.76886
1.76707
1.76724
1.76724
1.76554
1.76121
1.754
1.74425
1.7329
1.72143
1.71168
1.70522
1.70286
1.70425
1.70807
1.71248
1.71557
1.71574
1.71187
1.70335
1.69015
1.67287
1.65273
1.63136
1.61054
1.59195
1.57734
1.56874
1.56841
1.57793
1.59718
1.6237
1.65323
1.68099
1.70306
1.71719
1.7232
1.7224
1.71612
1.70428
1.68524
1.6571
1.61959
1.5754
1.53056
1.49315
1.47061
1.46677
1.48057
1.50734
1.54164
1.57954
1.6191
1.6592
1.69787
1.7318
1.75711
1.77059
1.77071
1.75824
1.73597
1.7081
1.67935
1.65404
1.63563
1.62666
1.62859
1.64128
1.66255
1.68834
1.7141
1.73619
1.75266
1.76306
1.7678
1.76755
1.76307
1.75562
1.7477
1.74318
1.7457
1.75565
1.76878
1.77835
1.77883
1.76778
1.74571
1.71529
1.68053
1.64632
1.61789
1.59968
1.59412
1.60057
1.6157
1.6347
1.65296
1.66744
1.67758
1.68501
1.69193
1.69904
1.70507
1.70853
1.70963
1.71083
1.71576
1.72689
1.74372
1.76291
1.7801
1.79199
1.79746
1.79754
1.79463
1.79107
1.78758
1.78297
1.7752
1.76322
1.74817
1.73332
1.72287
1.72026
1.72679
1.74105
1.75924
1.77635
1.78753
1.78922
1.77982
1.75997
1.73243
1.70166
1.67298
1.65157
1.64139
1.64417
1.65877
1.68138
1.70685
1.73029
1.74831
1.75965
1.76503
1.76653
1.76646
1.76647
1.7669
1.76682
1.76457
1.75827
1.74623
1.7274
1.70211
1.67289
1.64466
1.62322
1.61229
1.61156
1.61769
1.62721
1.63871
1.65311
1.67239
1.69798
1.72957
1.76485
1.80028
1.83219
1.85759
1.87437
1.88137
1.87857
1.86718
1.84956
1.82863
1.80707
1.7869
1.76971
1.75713
1.75092
1.75224
1.76056
1.77341
1.78754
1.80045
1.81135
1.82096
1.83036
1.83964
1.84733
1.85071
1.84694
1.83443
1.81492
1.79534
1.78584
1.79156
1.80664
1.81909
1.81969
1.80547
1.77904
1.74721
1.71883
1.70104
1.69565
1.69923
1.70652
1.71401
1.7213
1.72965
1.73991
1.75138
1.76223
1.77042
1.77396
1.77052
1.75755
1.73334
1.69834
1.6561
1.61313
1.57744
1.55575
1.55088
1.56122
1.58262
1.61071
1.64171
1.67222
1.6991
1.71997
1.73397
1.74211
1.74703
1.75236
1.76155
1.77657
1.797
1.82005
1.84147
1.85683
1.86269
1.8576
1.84269
1.8215
1.79869
1.77817
1.76171
1.74892
1.73829
1.7283
1.71793
1.70671
1.69467
1.68224
1.67027
1.65961
1.65067
1.64344
1.6381
1.63561
1.63743
1.64417
1.65451
1.66544
1.67365
1.6771
1.67591
1.67272
1.6724
1.68033
1.69948
1.728
1.75984
1.78804
1.80796
1.81842
1.82136
1.82077
1.8213
1.82651
1.83721
1.85124
1.86485
1.87466
1.8787
1.87656
1.8689
1.85691
1.84175
1.82418
1.80465
1.78391
1.76327
1.74394
1.72597
1.70818
1.68896
1.66744
1.64457
1.62359
1.60933
1.60607
1.61521
1.63477
1.66063
1.68829
1.71398
1.73502
1.75
1.75867
1.76158
1.75957
1.75311
1.74191
1.72484
1.70059
1.66901
1.63283
1.59856
1.57525
1.57038
1.58561
1.6161
1.65395
1.69188
1.72491
1.75044
1.7679
1.77857
1.78527
1.79145
1.79989
1.81152
1.82494
1.83687
1.8434
1.84146
1.82998
1.81023
1.7854
1.75966
1.73739
1.72243
1.71737
1.72225
1.73389
1.74676
1.75536
1.75664
1.75119
1.74271
1.73588
1.73357
1.73535
1.73827
1.73927
1.73678
1.73068
1.72096
1.70733
1.69033
1.67206
1.65525
1.64163
1.63155
1.6249
1.62218
1.62456
1.63318
1.6484
1.66914
1.69288
1.71641
1.7367
1.75151
1.75947
1.75977
1.75208
1.73695
1.71614
1.69237
1.66847
1.64657
1.62789
1.6133
1.60401
1.60153
1.60683
1.61942
1.6372
1.65713
1.67624
1.69236
1.70448
1.7125
1.71694
1.71866
1.719
1.72022
1.72523
1.73616
1.75277
1.7726
1.79264
1.81067
1.82572
1.83786
1.84805
1.85768
1.8679
1.87885
1.88907
1.89582
1.89617
1.88837
1.87247
1.84992
1.82248
1.79134
1.75705
1.72077
1.68542
1.65555
1.63568
1.62852
1.63419
1.65025
1.67236
1.69553
1.71518
1.72761
1.73014
1.72133
1.70155
1.67353
1.64242
1.61461
1.59564
1.58827
1.59149
1.6012
1.61198
1.61927
1.62086
1.61716
1.61053
1.60413
1.60092
1.60291
1.61092
1.62477
1.64384
1.66738
1.69418
1.722
1.74742
1.76665
1.77658
1.77601
1.76595
1.7491
1.72872
1.70775
1.68891
1.67547
1.67091
1.67675
1.69081
1.70855
1.72595
1.74068
1.751
1.7547
1.74942
1.73421
1.71096
1.68457
1.66131
1.64607
1.64014
1.64078
1.64255
1.63951
1.62765
1.60707
1.58256
1.562
1.55286
1.55924
1.58122
1.61567
1.65732
1.69996
1.73774
1.76633
1.78334
1.78823
1.78205
1.76718
1.7471
1.72588
1.70743
1.69465
1.68876
1.68932
1.69463
1.70248
1.71069
1.71735
1.72102
1.72089
1.7169
1.70985
1.70117
1.69263
1.68589
1.68196
1.68088
1.68168
1.68283
1.68279
1.68059
1.67625
1.67075
1.66578
1.66321
1.66429
1.66914
1.67668
1.68514
1.69268
1.69781
1.69952
1.69726
1.6911
1.6819
1.67147
1.66247
1.65805
1.66119
1.67377
1.69581
1.72515
1.75787
1.78928
1.81505
1.83219
1.83969
1.83857
1.83135
1.82094
1.8093
1.79664
1.78174
1.76301
1.73956
1.71164
1.68079
1.64974
1.62261
1.6044
1.59923
1.60786
1.62642
1.64761
1.66328
1.66658
1.65399
1.62781
1.59729
1.57399
1.56251
1.55817
1.5547
1.55068
1.54921
1.55467
1.56984
1.59434
1.6246
1.65498
1.67972
1.69498
1.70004
1.69728
1.69096
1.68543
1.68303
1.68332
1.68448
1.68566
1.68791
1.69326
1.70308
1.71702
1.73298
1.74806
1.75962
1.76586
1.76595
1.75972
1.74733
1.72908
1.70549
1.67751
1.64682
1.61596
1.58825
1.56702
1.5545
1.55101
1.55535
1.56603
1.58178
1.60086
1.62046
1.63726
1.64898
1.65535
1.65791
1.65905
1.66118
1.66605
1.67454
1.68671
1.70206
1.71987
1.73939
1.75963
1.77912
1.7956
1.80639
1.80904
1.80206
1.78538
1.76077
1.73187
1.70369
1.68116
1.66758
1.66399
1.66976
1.68301
1.70075
1.71942
1.73588
1.74818
1.75577
1.7589
1.75767
1.75134
1.73889
1.72036
1.69806
1.67672
1.66199
1.65715
1.66075
1.66788
1.67364
1.67531
1.6724
1.66579
1.65694
1.64753
1.63923
1.63367
1.63237
1.63649
1.64644
1.6616
1.6809
1.70374
1.73006
1.75937
1.78977
1.81789
1.83985
1.85271
1.8556
1.84999
1.83827
1.82163
1.79942
1.77057
1.73535
1.69622
1.6576
1.62477
1.60188
1.59058
1.59045
1.60061
1.62036
1.64796
1.67917
1.70765
1.72746
1.7355
1.73231
1.7216
1.70894
1.69995
1.69818
1.70379
1.71414
1.72566
1.7355
1.74189
1.74373
1.74
1.72969
1.71215
1.68776
1.65831
1.62703
1.59803
1.57535
1.56208
1.55979
1.56832
1.58595
1.60982
1.63683
1.66456
1.69159
1.71722
1.74071
1.76092
1.77637
1.78562
1.78786
1.78326
1.77295
1.75854
1.74158
1.72312
1.70396
1.68544
1.66999
1.66044
1.65796
1.66044
1.66305
1.66073
1.65029
1.6309
1.6039
1.57292
1.54417
1.52529
1.5225
1.53728
1.56545
1.59945
1.63192
1.65801
1.67577
1.68565
1.68971
1.69082
1.69163
1.69374
1.69734
1.70167
1.70586
1.70959
1.71308
1.71637
1.71841
1.71707
1.71042
