0.0564722
0.0564022
0.0562845
0.0561097
0.0558604
0.0555079
0.0550039
0.054273
0.0532547
0.0524936
0.0587225
0.0712209
0.0691743
0.0667249
0.0803283
0.0789405
0.0715784
0.0670234
0.0611106
0.0578651
0.0554601
0.0554877
0.0649406
0.0733246
0.0650646
0.0629174
0.0812288
0.0603877
0.0554649
0.0540468
0.0665926
0.0658105
0.0629412
0.0590454
0.0567586
0.0549985
0.0583276
0.0740795
0.0558932
0.0649232
0.0628846
0.0556837
0.0514424
0.0500233
0.05332
0.0561485
0.0580277
0.0558765
0.0596862
0.0641847
0.0620275
0.0601023
0.0559634
0.0525907
0.065628
0.0735092
0.0764618
0.0679725
0.0560163
0.0602352
0.054091
0.0488763
0.0516263
0.0568408
0.075239
0.0795185
0.0657407
0.0621882
0.053978
0.0638242
0.0542144
0.0580535
0.058682
0.0661763
0.068169
0.0658431
0.0670826
0.0659068
0.0606704
0.0564613
0.055521
0.0599458
0.0561345
0.056771
0.0593684
0.0598656
0.0729681
0.0621041
0.0531041
0.0510991
0.0683937
0.0781677
0.0629813
0.0692459
0.0715248
0.0683788
0.0580596
0.0497138
0.0485958
0.0490603
0.0429911
0.0469483
0.0546837
0.058367
0.0691914
0.0609458
0.0512424
0.0443972
0.0561059
0.0527395
0.0483527
0.0547903
0.0580168
0.047988
0.0466861
0.0512201
0.0498098
0.055628
0.0496052
0.0548286
0.0522174
0.0546347
0.0473945
0.0538771
0.0594551
0.0567813
0.051945
0.0597134
0.0552955
0.0440632
0.0399966
0.0427763
0.058679
0.0576404
0.0653277
0.0610515
0.0510564
0.04483
0.0498461
0.0482722
0.0450091
0.0465054
0.0450191
0.0474095
0.0595836
0.0554119
0.0520315
0.0462546
0.0439024
0.0483233
0.0645095
0.0598082
0.0535947
0.0524452
0.0598753
0.0547734
0.0496496
0.0458632
0.0446325
0.0576087
0.0519525
0.0553936
0.0630781
0.0523837
0.0555162
0.0723704
0.0695112
0.0538156
0.0519805
0.0507563
0.0622527
0.0554344
0.0576601
0.0650316
0.0485662
0.0531463
0.0568916
0.0622712
0.0593967
0.054556
0.0614247
0.0468929
0.0486316
0.0462785
0.0503742
0.0503483
0.0456746
0.0452607
0.0524419
0.0596236
0.0507771
0.0524952
0.044431
0.0429931
0.047338
0.0604185
0.0540834
0.0572537
0.0600555
0.0478557
0.0438723
0.0493702
0.0523745
0.051498
0.0511248
0.0440506
0.0412854
0.0397479
0.0517646
0.0526291
0.0596999
0.0478285
0.0619945
0.0602415
0.0630312
0.045066
0.0485721
0.0594257
0.0417204
0.0509287
0.0446825
0.0533318
0.045529
0.045947
0.049133
0.0560577
0.0549044
0.045652
0.0435838
0.0468717
0.0513583
0.0611735
0.065591
0.0655564
0.0556131
0.0458723
0.0453403
0.0490814
0.0432306
0.037513
0.0359991
0.0379171
0.0432433
0.0472618
0.047723
0.0506276
0.0544249
0.0446984
0.0435056
0.0424264
0.0516897
0.0511387
0.041135
0.0391532
0.0662733
0.070047
0.0524123
0.0447668
0.0401636
0.0552379
0.049657
0.0380289
0.0425955
0.0585196
0.0597294
0.0760426
0.0542702
0.0496003
0.0434294
0.0492236
0.054313
0.0449433
0.0479812
0.0472092
0.0458358
0.0544157
0.0644186
0.0547199
0.0562677
0.0548797
0.0588434
0.0548136
0.0549488
0.0487719
0.0379377
0.0371952
0.0396354
0.0398836
0.0517199
0.0532085
0.0531561
0.0579117
0.0670491
0.066074
0.0646042
0.0592619
0.0519714
0.0446058
0.0437307
0.0452808
0.0469644
0.0530342
0.05489
0.0488028
0.0449522
0.0470546
0.0466589
0.0519314
0.0601847
0.0491162
0.048632
0.0471718
0.0551245
0.0514495
0.0497132
0.0527813
0.0568313
0.0533715
0.0387436
0.0445809
0.0432639
0.0488085
0.0440312
0.0422037
0.0521055
0.0462066
0.0478817
0.054866
0.0515341
0.0459681
0.051259
0.0532303
0.0626114
0.0462765
0.0515909
0.0567643
0.0568621
0.0486635
0.046695
0.0570131
0.0534458
0.0490362
0.0476338
0.0427068
0.0486358
0.0417795
0.0375495
0.0404136
0.052096
0.0452716
0.0423754
0.0522537
0.0557383
0.0511817
0.0540147
0.0449263
0.042746
0.0498309
0.0555729
0.0553884
0.0448375
0.0525802
0.0504702
0.0419233
0.045186
0.044155
0.0464211
0.057808
0.0458281
0.0449221
0.0637948
0.0502188
0.0490006
0.0566417
0.0517888
0.0464029
0.0447572
0.041845
0.0391412
0.0469366
0.0523139
0.054502
0.0625239
0.0483397
0.0488502
0.0545284
0.0486208
0.0510162
0.0497844
0.0652181
0.0435946
0.04937
0.0732238
0.0564379
0.0451642
0.0518593
0.0474968
0.047385
0.0618808
0.0630336
0.0572659
0.0523298
0.0446666
0.0410699
0.0552653
0.0588486
0.050285
0.0502922
0.0508473
0.0484961
0.0433581
0.0484607
0.0507356
0.0432531
0.0491162
0.0552881
0.0525478
0.0511401
0.0494927
0.0457077
0.0389372
0.0433707
0.0504632
0.0486577
0.0447605
0.0385098
0.0466902
0.0641583
0.0649619
0.0564602
0.0489689
0.0450975
0.0472869
0.0478879
0.0520486
0.0675767
0.0564934
0.049984
0.0461291
0.0460893
0.0584775
0.0547487
0.0472777
0.0449715
0.0458421
0.0522376
0.0578146
0.0479416
0.0424296
0.0402784
0.0453821
0.0467258
0.0459769
0.0529786
0.0436562
0.0429719
0.0545403
0.0452865
0.0404964
0.063365
0.0733138
0.0525634
0.0452203
0.0579443
0.0466543
0.0434116
0.0486009
0.0610088
0.0533056
0.0463662
0.0549865
0.0552787
0.0521474
0.0440669
0.0367551
0.0436386
0.0514618
0.0391142
0.041174
0.0430753
0.0521008
0.0588269
0.0535699
0.0515789
0.0582674
0.0446084
0.0482619
0.062673
0.0512772
0.0501085
0.047243
0.0478339
0.0506529
0.0610666
0.0522797
0.0424863
0.0408952
0.0533125
0.0491114
0.039853
0.0478294
0.0489167
0.0436688
0.0457298
0.04829
0.055509
0.0607167
0.0521644
0.0480531
0.0412768
0.0520811
0.0523571
0.053051
0.0520763
0.0409885
0.0408358
0.0437003
0.0459348
0.0646555
0.0568005
0.0438654
0.057579
0.0517335
0.0453626
0.0410069
0.0517898
0.0612289
0.0626509
0.0504418
0.0534851
0.0498396
0.0479339
0.0640721
0.0557831
0.0463867
0.0441719
0.0441441
0.0429929
0.0422944
0.0490552
0.045055
0.0461773
0.0539111
0.0644153
0.0480095
0.0432754
0.0448779
0.0437805
0.0513753
0.0646046
0.0487962
0.046896
0.0456596
0.0416231
0.0486461
0.0544646
0.0517237
0.0463027
0.0551941
0.0648261
0.0580494
0.0589845
0.0620169
0.0714194
0.0537938
0.0437857
0.0513827
0.0432123
0.049293
0.047164
0.04573
0.065134
0.0591251
0.0517632
0.0524411
0.0597982
0.0589428
0.0469824
0.044961
0.0500823
0.0474677
0.0436328
0.0448299
0.0497356
0.0480787
0.0494137
0.046242
0.0462806
0.0441425
0.0432969
0.0418382
0.0468105
0.0506736
0.0462764
0.0422723
0.0437708
0.0478455
0.0447648
0.0427802
0.0476999
0.0452594
0.0517879
0.046205
0.0441723
0.0477982
0.0476442
0.0516192
0.043621
0.0452536
0.0598052
0.0569502
0.0512073
0.0485033
0.0417722
0.042009
0.0393852
0.039581
0.0423016
0.0411972
0.0406816
0.0483259
0.0507306
0.058417
0.0547935
0.0494388
0.0572162
0.0550424
0.0498253
0.0564856
0.0498252
0.0645229
0.0591984
0.0511704
0.0476329
0.0434046
0.0475294
0.0518609
0.0615977
0.0651973
0.0759546
0.0540599
0.0407266
0.0458648
0.0460613
0.0399567
0.0462095
0.0540892
0.0573818
0.0450487
0.0406007
0.0523284
0.0777993
0.0582255
0.0447164
0.0417738
0.0560445
0.0478989
0.0415966
0.0475485
0.0574035
0.0529716
0.0488378
0.0448027
0.043415
0.0583676
0.0500501
0.0436042
0.0483012
0.0466508
0.0460906
0.044835
0.0492452
0.0530875
0.0497145
0.0521165
0.039171
0.0409319
0.0509465
0.0475461
0.0424704
0.040509
0.0462544
0.0487602
0.0517685
0.0715339
0.0725493
0.0558829
0.0494035
0.0457069
0.0438511
0.0458339
0.0480306
0.0581569
0.0611802
0.0687171
0.0689399
0.0561499
0.0594905
0.062304
0.0506746
0.0453736
0.0434129
0.0374245
0.0516727
0.0566795
0.0454291
0.0482795
0.0614607
0.0515751
0.0394775
0.0363634
0.044404
0.0609792
0.0542537
0.0551022
0.0561883
0.0591844
0.0555882
0.0471379
0.0500741
0.0545895
0.0392387
0.0419065
0.0566402
0.0497394
0.0471494
0.039591
0.0446245
0.0449545
0.0452039
0.0452996
0.0457837
0.0489033
0.0490717
0.0498419
0.0501527
0.0580594
0.0519849
0.0492088
0.0503242
0.0506432
0.0471612
0.0595087
0.0614117
0.0443178
0.0586155
0.0568223
0.0564085
0.0473136
0.0498246
0.0549883
0.05435
0.0486773
0.03754
0.0482376
0.0536122
0.0489763
0.0424856
0.0421921
0.0436891
0.0456073
0.0461731
0.0509284
0.0536822
0.0517987
0.0495235
0.0582483
0.0524752
0.0407489
0.0436503
0.0476028
0.047742
0.0472125
0.0579721
0.051827
0.0468634
0.0369463
0.0391913
0.0467951
0.0531888
0.0598758
0.0558017
0.0452979
0.0533596
0.0538103
0.0477581
0.0529141
0.0652771
0.0637728
0.0512426
0.0447402
0.0500939
0.0652138
0.047688
0.0502143
0.0584979
0.0665224
0.045248
0.0431024
0.0456284
0.0514453
0.0555202
0.0444001
0.0472617
0.0502183
0.0455916
0.0534139
0.0594119
0.0472168
0.0419119
0.0480457
0.0603749
0.052236
0.0474891
0.0499812
0.0486689
0.0502592
0.0539148
0.060079
0.0478486
0.0480674
0.0435721
0.0402371
0.0394252
0.0367194
0.0442308
0.0582533
0.0543984
0.0463043
0.0458865
0.0490887
0.0583713
0.0548467
0.050823
0.0392672
0.0348831
0.0459071
0.0485941
0.0481057
0.0462884
0.0443125
0.0492583
0.0504655
0.044931
0.0475099
0.0563177
0.0589176
0.0573997
0.0435247
0.0421834
0.0506225
0.0528435
0.0414986
0.0407013
0.0459908
0.0474579
0.052332
0.0451332
0.0444931
0.0474823
0.0486729
0.0590362
0.0524395
0.0446559
0.0528166
0.0599583
0.0575037
0.0507754
0.0567639
0.0595034
0.0591046
0.0436362
0.044891
0.0450914
0.0532022
0.051245
0.0432705
0.0503537
0.0632941
0.070058
0.0529065
0.0469234
0.055688
0.0571742
0.0640949
0.0514659
0.0555268
0.0528649
0.0506123
0.0558379
0.0494906
0.0473812
0.0505706
0.0533799
0.0526833
0.0417059
0.0452934
0.0431912
0.0390148
0.0415182
0.0428804
0.0512799
0.0512521
0.0449541
0.0513733
0.0572061
0.0535646
0.0462332
0.0553434
0.0448173
0.040864
0.0384161
0.0454988
0.0624461
0.073563
0.0585679
0.0483902
0.0544435
0.0510114
0.0434689
0.0415789
0.0427357
0.0567872
0.0559162
0.0460792
0.0385708
0.0370974
0.0448926
0.0552161
0.0597185
0.0510577
0.0604143
0.0569824
0.0438723
0.044573
0.0527027
0.0508157
0.0528497
0.0523857
0.0524426
0.0426166
0.0407646
0.0385763
0.0411397
0.0393901
0.0433436
0.0504703
0.0662096
0.0629929
0.0706887
0.0592586
0.0544626
0.0662126
0.0638446
0.0537535
0.0489556
0.0603088
0.0729053
0.0538334
0.0669881
0.0465605
0.047374
0.0555189
0.0564528
0.067921
0.0624702
0.0549994
0.0586354
0.0609069
0.0489285
0.04607
0.0483034
0.0501878
0.0528868
0.0451296
0.0460761
0.0494896
0.0476598
0.0468106
0.0450448
0.0445896
0.0375662
0.0408981
0.03906
0.0423109
0.0473478
0.0445174
0.0404385
0.0525909
0.0547001
0.0458968
0.049185
0.0543444
0.0522746
0.0464757
0.0418884
0.0369431
0.0413883
0.0465918
0.0558242
0.0556938
0.0491674
0.0455563
0.0443621
0.0474385
0.0548528
0.0601646
0.061496
0.0497709
0.0419058
0.0473193
0.0558632
0.057892
0.0579036
0.0502376
0.0514295
0.0426155
0.0432938
0.0438979
0.0524823
0.0587345
0.0713424
0.0512795
0.0391275
0.0462257
0.0539512
0.0572751
0.0605098
0.0676292
0.0489975
0.0472451
0.051447
0.0556079
0.0567667
0.046318
0.0516694
0.0514715
0.0606168
0.0639235
0.051328
0.0464662
0.0434341
0.0420161
0.0396785
0.0406057
0.0537085
0.0536768
0.05436
0.0434999
0.04741
0.0607149
0.050833
0.0509928
0.0539158
0.0551012
0.0582153
0.0566993
0.0513709
0.0504444
0.0507727
0.0512236
0.0480658
0.0494767
0.0502556
0.0521531
0.0576464
0.0689997
0.058862
0.0608895
0.0531661
0.0462659
0.0583971
0.0616451
0.0549763
0.0507173
0.0451967
0.046222
0.0442513
0.0362363
0.035373
0.0390097
0.0455575
0.0493359
0.0422108
0.0419835
0.0482263
0.048854
0.0487132
0.0492006
0.0551717
0.04589
0.0467279
0.0480164
0.0545397
0.0679166
0.0576245
0.0467502
0.0486535
0.0448537
0.0495565
0.050197
0.0475485
0.0402149
0.0398922
0.0466462
0.055771
0.0580848
0.0625817
0.0549823
0.0535285
0.0541514
0.0481829
0.0494848
0.0468275
0.0417991
0.0483488
0.0585085
0.0538627
0.0484197
0.0444989
0.0457046
0.0590057
0.0443177
0.0467599
0.0625878
0.0577781
0.0554705
0.0521346
0.0418979
0.0405052
0.0467521
0.0456323
0.0430071
0.0457073
0.0461449
0.0515136
0.0511835
0.0540917
0.0570948
0.0523255
0.0502089
0.0432464
0.0502814
0.0449613
0.0418645
0.0400813
0.0524334
0.0502285
0.0452568
0.060858
0.0510283
0.0419753
0.0410504
0.0450046
0.062874
0.0693802
0.052957
0.0539632
0.0521263
0.0507336
0.0453612
0.049702
0.0634783
0.0529579
0.0463621
0.052161
0.0498498
0.0436156
0.0429371
0.0478517
0.0544727
0.0557628
0.0478001
0.0437284
0.0452488
0.04427
0.0511895
0.056327
0.0635282
0.0483331
0.0446358
0.0416296
0.0473267
0.0647927
0.0512842
0.0448012
0.0447954
0.0455586
0.0556207
0.0460355
0.045012
0.064028
0.0607517
0.0477011
0.0518264
0.0483857
0.0416351
0.0485287
0.0475506
0.0481034
0.0457024
0.0448385
0.0458635
0.0426268
0.046812
0.0622556
0.0674089
0.0470328
0.043346
0.0391901
0.0359308
0.037814
0.0480651
0.0512435
0.0478911
0.057395
0.063814
0.0530103
0.0403264
0.0532105
0.0534645
0.0472454
0.0534535
0.0545566
0.0490516
0.0602972
0.064605
0.0590149
0.0664675
0.0592475
0.0503789
0.0464964
0.0396071
0.0363748
0.0396548
0.0458506
0.0478082
0.0509141
0.0584086
0.0507543
0.0490274
0.0513164
0.045356
0.0449092
0.0490195
0.0478243
0.0433437
0.0503015
0.0565666
0.0552024
0.0451135
0.0446283
0.0477521
0.0472045
0.0465181
0.0510325
0.0589624
0.0575602
0.0524358
0.0461603
0.0430838
0.0378594
0.0457189
0.0466258
0.0395528
0.0432792
0.0587162
0.0516872
0.0553309
0.0512387
0.0540375
0.0503812
0.0427401
0.0419938
0.0514271
0.0462984
0.0513116
0.0554585
0.0545397
0.0492219
0.0516069
0.0563989
0.057459
0.0481178
0.0696291
0.0502155
0.0464186
0.0503951
0.0499546
0.0492081
0.0403171
0.0436277
0.0464461
0.0463967
0.0368198
0.0435711
0.0540315
0.0535546
0.0608432
0.0708858
