1.7681
1.76793
1.76761
1.76733
1.76713
1.76686
1.76652
1.76599
1.7651
1.76408
1.76881
1.76073
1.76323
1.76865
1.76917
1.75847
1.76896
1.76364
1.76656
1.76625
1.76517
1.76722
1.76826
1.76577
1.77211
1.7614
1.77226
1.76364
1.76668
1.76695
1.77493
1.76603
1.76686
1.76646
1.76763
1.76656
1.7699
1.76587
1.7644
1.77171
1.76496
1.76609
1.76685
1.76736
1.76914
1.76706
1.7667
1.76683
1.76902
1.76638
1.76496
1.76859
1.76295
1.7682
1.76827
1.77068
1.76687
1.76428
1.76694
1.77174
1.76362
1.767
1.76562
1.77104
1.75724
1.77907
1.76509
1.76727
1.76768
1.76901
1.76646
1.76808
1.76624
1.77014
1.76442
1.76738
1.7677
1.76675
1.76767
1.76608
1.769
1.76883
1.76502
1.76948
1.76461
1.77286
1.76198
1.76682
1.76328
1.76664
1.77605
1.76322
1.76769
1.76723
1.77477
1.76623
1.76485
1.76812
1.76805
1.76678
1.52657
1.52509
1.52943
1.52211
1.53154
1.52536
1.52761
1.52552
1.53388
1.52142
1.52532
1.53093
1.52225
1.52604
1.52762
1.52846
1.52678
1.52958
1.52343
1.53037
1.52882
1.52456
1.52504
1.53147
1.52376
1.52507
1.52599
1.53168
1.5231
1.52606
1.5263
1.52822
1.529
1.52513
1.53266
1.52274
1.5281
1.5267
1.53125
1.52464
1.52697
1.52782
1.52484
1.52874
1.52708
1.52899
1.52323
1.52544
1.52583
1.52831
1.53136
1.52434
1.52617
1.52606
1.53071
1.52378
1.52739
1.52501
1.52856
1.52095
1.52231
1.53196
1.5277
1.52708
1.52853
1.53321
1.52093
1.52551
1.52546
1.53067
1.52465
1.52382
1.53051
1.52656
1.52191
1.53262
1.52598
1.52989
1.52403
1.52943
1.52739
1.5263
1.52747
1.52642
1.53027
1.52373
1.52673
1.52712
1.531
1.52896
1.52351
1.52931
1.52452
1.52776
1.52744
1.53432
1.52032
1.53392
1.52733
1.52319
1.42544
1.42567
1.4255
1.42461
1.42466
1.42385
1.42482
1.42327
1.43258
1.41991
1.42405
1.42135
1.43127
1.4272
1.42287
1.42387
1.43029
1.42508
1.42428
1.42011
1.42709
1.41232
1.42498
1.42515
1.41554
1.42586
1.42122
1.42457
1.42332
1.42352
1.42542
1.41935
1.43034
1.41974
1.42346
1.42438
1.42742
1.42762
1.42181
1.42541
1.42456
1.42568
1.42481
1.42584
1.42087
1.42943
1.42112
1.42337
1.42528
1.42451
1.42934
1.42197
1.42214
1.42423
1.43521
1.426
1.4218
1.42188
1.42594
1.43351
1.41649
1.42275
1.42681
1.42275
1.42649
1.42437
1.42179
1.42395
1.42538
1.42896
1.42362
1.42408
1.42687
1.42212
1.42476
1.427
1.42471
1.4209
1.42844
1.42227
1.42831
1.4241
1.42624
1.4281
1.42255
1.42779
1.42309
1.42479
1.42857
1.4148
1.426
1.42357
1.4247
1.42026
1.42997
1.42043
1.42518
1.42367
1.42951
1.42017
1.43029
1.42691
1.42698
1.42389
1.42645
1.42803
1.42516
1.42932
1.43092
1.42233
1.42847
1.42722
1.42714
1.42492
1.4275
1.42832
1.43298
1.41635
1.42896
1.43006
1.428
1.42907
1.42391
1.42846
1.43037
1.42221
1.43058
1.42883
1.41996
1.42856
1.42944
1.42377
1.43339
1.42169
1.43469
1.42464
1.42963
1.42245
1.42971
1.43135
1.42447
1.42835
1.42587
1.42803
1.42815
1.42371
1.42633
1.42709
1.43016
1.42076
1.42674
1.42902
1.42398
1.42784
1.42853
1.42501
1.42975
1.42938
1.4312
1.42173
1.42804
1.43295
1.42391
1.4274
1.42867
1.42615
1.42947
1.42838
1.42508
1.42905
1.43373
1.42415
1.42815
1.42938
1.43054
1.42481
1.42819
1.42571
1.42653
1.43101
1.42369
1.43111
1.42662
1.42082
1.43058
1.43148
1.42441
1.42819
1.42761
1.43219
1.42244
1.4307
1.43657
1.42029
1.42743
1.43545
1.4214
1.42818
1.43004
1.42871
1.42555
1.42674
1.42501
1.42618
1.43483
1.42149
1.4276
1.42762
1.43101
1.42296
1.42871
1.42849
1.42831
1.42553
1.42968
1.42679
1.42523
1.429
1.42754
1.42415
1.42736
1.429
1.42777
1.42833
1.42206
1.42635
1.43127
1.42545
1.43395
1.42209
1.42749
1.42795
1.42776
1.42811
1.42797
1.43361
1.41892
1.43082
1.42243
1.43125
1.42641
1.42526
1.42597
1.42798
1.42731
1.43181
1.42364
1.42681
1.4272
1.42822
1.42971
1.42557
1.42864
1.42803
1.42508
1.42779
1.43649
1.41771
1.42697
1.43955
1.41647
1.42173
1.42947
1.43051
1.42454
1.42621
1.42844
1.43007
1.42063
1.42885
1.4308
1.42735
1.42571
1.42193
1.42755
1.43149
1.42309
1.42609
1.42726
1.42603
1.42994
1.4266
1.42117
1.4315
1.42495
1.42238
1.43517
1.42258
1.42706
1.42786
1.42591
1.42733
1.4282
1.43478
1.42101
1.42592
1.42947
1.4318
1.42056
1.42745
1.4324
1.42315
1.42504
1.42831
1.42686
1.43085
1.4259
1.43169
1.42181
1.42667
1.43149
1.42719
1.42931
1.41803
1.4277
1.42767
1.42836
1.4232
1.44514
1.41855
1.42662
1.43382
1.42406
1.42451
1.4278
1.43103
1.43
1.42199
1.42554
1.43107
1.42402
1.43033
1.4313
1.42419
1.42725
1.42735
1.42694
1.4269
1.42429
1.43145
1.42135
1.4307
1.42698
1.42387
1.42242
1.42811
1.42667
1.42637
1.4293
1.43098
1.41923
1.43237
1.42332
1.42763
1.43093
1.42199
1.41468
1.42909
1.4301
1.41937
1.43091
1.42732
1.42672
1.43918
1.41575
1.43189
1.42774
1.42559
1.43315
1.42301
1.43086
1.42892
1.42759
1.42351
1.43069
1.43003
1.42512
1.42586
1.43013
1.42969
1.42667
1.42662
1.42881
1.42781
1.42657
1.42856
1.42655
1.43056
1.42392
1.43111
1.42428
1.43267
1.42691
1.42496
1.42724
1.42892
1.42781
1.42636
1.42747
1.42807
1.42835
1.42853
1.4241
1.4291
1.42772
1.42759
1.4262
1.42461
1.42974
1.4328
1.42324
1.42993
1.4239
1.4277
1.42837
1.42598
1.42781
1.42678
1.42483
1.42612
1.42729
1.42633
1.42738
1.4289
1.42288
1.43312
1.42513
1.42662
1.43287
1.42871
1.43273
1.42384
1.42476
1.42814
1.42503
1.42889
1.4286
1.42772
1.42974
1.42597
1.42413
1.428
1.43297
1.42442
1.42737
1.42842
1.43124
1.424
1.42335
1.42751
1.43439
1.42334
1.42486
1.42485
1.4298
1.43357
1.42287
1.42586
1.43474
1.41822
1.42421
1.42962
1.42424
1.42755
1.43887
1.42214
1.42751
1.43001
1.42713
1.42848
1.42665
1.43016
1.42206
1.43181
1.42947
1.42373
1.43029
1.42306
1.42623
1.42404
1.42674
1.42682
1.42356
1.42614
1.43785
1.418
1.42578
1.4285
1.42578
1.4276
1.42686
1.42574
1.43143
1.42752
1.43036
1.42258
1.42717
1.43094
1.43723
1.43074
1.42854
1.42643
1.42637
1.43791
1.41942
1.42626
1.4289
1.43044
1.42346
1.42504
1.42682
1.43018
1.42793
1.42552
1.4242
1.42987
1.42575
1.43013
1.42715
1.43064
1.42887
1.42619
1.43216
1.43464
1.42572
1.42287
1.42815
1.42966
1.42595
1.42729
1.4259
1.42718
1.42715
1.42665
1.42774
1.42652
1.43104
1.4222
1.42488
1.42964
1.4238
1.42726
1.43451
1.42343
1.42558
1.43737
1.42395
1.42552
1.42632
1.42915
1.42742
1.42808
1.42168
1.42583
1.43205
1.42561
1.42496
1.42713
1.42814
1.42737
1.42761
1.42546
1.4323
1.42366
1.42711
1.42857
1.43164
1.42199
1.42809
1.42936
1.42811
1.42769
1.43004
1.43014
1.42245
1.42633
1.42513
1.4289
1.42636
1.42982
1.42725
1.42248
1.42804
1.43061
1.42376
1.4255
1.42773
1.43485
1.42267
1.42429
1.42748
1.43211
1.42721
1.42198
1.43688
1.43151
1.42402
1.42351
1.42902
1.42896
1.42878
1.424
1.42622
1.42892
1.42807
1.4254
1.43216
1.42707
1.42195
1.43006
1.42416
1.42792
1.42899
1.42449
1.42791
1.42682
1.42829
1.43031
1.424
1.42377
1.43264
1.42762
1.42736
1.42749
1.42583
1.4311
1.42548
1.42351
1.42617
1.42652
1.42897
1.42888
1.42665
1.42787
1.42525
1.42827
1.43404
1.42573
1.42978
1.42498
1.42707
1.42991
1.42311
1.42598
1.42904
1.42809
1.42982
1.42488
1.42552
1.42947
1.4317
1.42648
1.42583
1.42959
1.42894
1.42777
1.42762
1.42519
1.42828
1.42827
1.4273
1.43376
1.41879
1.42745
1.43262
1.43252
1.42363
1.42463
1.4322
1.42758
1.41765
1.42736
1.42676
1.42822
1.43002
1.42009
1.42684
1.42828
1.43266
1.42147
1.42563
1.4262
1.43153
1.4281
1.42613
1.42691
1.43042
1.42514
1.42671
1.43085
1.42414
1.43032
1.42705
1.4292
1.42425
1.4262
1.43172
1.42236
1.42765
1.42683
1.42639
1.43009
1.42361
1.42669
1.42951
1.42845
1.42411
1.428
1.43354
1.42339
1.42605
1.42562
1.42793
1.42884
1.42994
1.41971
1.42833
1.43171
1.4265
1.42632
1.4279
1.42647
1.43455
1.42334
1.42432
1.42591
1.42619
1.42869
1.43023
1.41898
1.42984
1.42867
1.42336
1.42525
1.4315
1.42845
1.42836
1.42075
1.43521
1.42108
1.42808
1.42513
1.42797
1.42677
1.42495
1.42523
1.42786
1.42733
1.41912
1.43613
1.42229
1.42747
1.42749
1.42771
1.42529
1.43017
1.43329
1.41847
1.4237
1.44136
1.41631
1.42648
1.43251
1.42193
1.43037
1.42203
1.42743
1.43137
1.42639
1.4263
1.42789
1.4329
1.42998
1.42416
1.4271
1.43154
1.42639
1.42803
1.42962
1.42592
1.42826
1.42697
1.42811
1.42615
1.42802
1.4282
1.42394
1.426
1.43589
1.41425
1.42729
1.42855
1.42642
1.42629
1.42718
1.42679
1.42677
1.43173
1.42207
1.43802
1.41967
1.43121
1.41964
1.42893
1.4271
1.42708
1.42853
1.4256
1.42401
1.42639
1.43068
1.42601
1.42908
1.42306
1.42856
1.42646
1.42555
1.42765
1.42816
1.42737
1.42979
1.43934
1.41648
1.42827
1.42933
1.42165
1.43531
1.42112
1.43104
1.42118
1.43126
1.42198
1.43288
1.41255
1.42855
1.42688
1.42554
1.4336
1.4254
1.42635
1.42803
1.42764
1.42742
1.42508
1.42889
1.42792
1.42796
1.42226
1.42342
1.43104
1.4249
1.42296
1.42659
1.42576
1.42669
1.43389
1.42046
1.43056
1.42798
1.42838
1.42822
1.42189
1.43379
1.42386
1.42643
1.4303
1.42474
1.42738
1.43153
1.41825
1.42856
1.43544
1.42143
1.43022
1.42839
1.42617
1.43025
1.427
1.4261
1.42721
1.4274
1.42747
1.42548
1.42461
1.42774
1.4293
1.42696
1.42602
1.42821
1.43327
1.42348
1.4278
1.42652
1.42903
1.42966
1.42239
1.42959
1.42736
1.42736
1.43142
1.42594
1.42535
1.42702
1.42579
1.42971
1.42536
1.42716
1.4278
1.42608
1.42922
1.42948
1.42746
1.42675
1.42816
1.4266
1.42949
1.43098
1.42285
1.42707
1.42545
1.43128
1.42106
1.42604
1.42898
1.42868
1.42572
1.43037
1.42037
1.4273
1.42871
1.42964
1.42522
1.42746
1.42578
1.42727
1.42791
1.42474
1.43179
1.42189
1.43009
1.42411
1.42725
1.43211
1.42507
1.42409
1.42765
1.43198
1.41991
1.42768
1.43475
1.41831
1.42825
1.42379
1.42915
1.43195
1.42256
1.42404
1.42776
1.42954
1.42415
1.42794
1.43168
1.43284
1.42247
1.42883
1.42824
1.42492
1.42631
1.42666
1.42833
1.42945
1.42562
1.42589
1.42606
1.42734
1.42741
1.42861
1.43145
1.42208
1.4274
1.42857
1.42626
1.43155
1.43055
1.42213
1.42882
1.42401
1.42943
1.42902
1.42135
1.42926
1.43226
1.4226
1.42531
1.43477
1.4222
1.42863
1.42941
1.42636
1.42751
1.42508
1.42823
1.42588
1.42575
1.42899
1.43305
1.42081
1.42414
1.42921
1.42642
1.42712
1.42753
1.43161
1.4229
1.42602
1.43128
1.43538
1.41056
1.428
1.43592
1.41929
1.42751
1.43005
1.42335
1.4265
1.42752
1.42858
1.42587
1.43366
1.42704
1.42656
1.43109
1.42606
1.42817
1.42849
1.4275
1.42584
1.42664
1.42725
1.42393
1.42913
1.42888
1.42776
1.42672
1.42902
1.42398
1.42597
1.43074
1.42747
1.42356
1.42605
1.42793
1.42953
1.41854
1.42745
1.4278
1.42692
1.42568
1.42637
1.42711
1.42724
1.42745
1.43097
1.42494
1.42342
1.42799
1.4283
1.42353
1.42731
1.4275
1.42841
1.42661
1.42561
1.42862
1.42495
1.42701
1.42743
1.42858
1.42289
1.42702
1.4277
1.42797
1.4246
1.42858
1.4324
1.42256
1.43084
1.43076
1.42815
1.42554
1.42701
1.42908
1.42765
1.42217
1.4281
1.42528
1.43136
1.41941
1.43167
1.41691
