-0.0321539
-0.033223
-0.03517
-0.0379384
-0.0417411
-0.0471495
-0.0549425
-0.0666736
-0.0851811
-0.113789
-0.130971
-0.120831
-0.163714
-0.21202
-0.190486
-0.212012
-0.247802
-0.261597
-0.2758
-0.28296
-0.295612
-0.312172
-0.297614
-0.273841
-0.31312
-0.324779
-0.247102
-0.328929
-0.334036
-0.339135
-0.296246
-0.306072
-0.310039
-0.310635
-0.306225
-0.309657
-0.307564
-0.247479
-0.326614
-0.284297
-0.285444
-0.301591
-0.308157
-0.308818
-0.296928
-0.290116
-0.284611
-0.297024
-0.289955
-0.280394
-0.289921
-0.291936
-0.304246
-0.330823
-0.301987
-0.295666
-0.286937
-0.301787
-0.328275
-0.294106
-0.30619
-0.321956
-0.321289
-0.333378
-0.285112
-0.285622
-0.334671
-0.323484
-0.339845
-0.28434
-0.321783
-0.310003
-0.323794
-0.313301
-0.319784
-0.335391
-0.32756
-0.319693
-0.322543
-0.32368
-0.321291
-0.30093
-0.314052
-0.310621
-0.300634
-0.309258
-0.256585
-0.297809
-0.32308
-0.337721
-0.295381
-0.272972
-0.338164
-0.305724
-0.28634
-0.274635
-0.282751
-0.287067
-0.275469
-0.273249
-0.278658
-0.286908
-0.287985
-0.304025
-0.276421
-0.308339
-0.334908
-0.357865
-0.315305
-0.339132
-0.367144
-0.35495
-0.343358
-0.377367
-0.375935
-0.354419
-0.35897
-0.329679
-0.347284
-0.315888
-0.326271
-0.313909
-0.345921
-0.328299
-0.314498
-0.332156
-0.354778
-0.319577
-0.321821
-0.34562
-0.35096
-0.351984
-0.308974
-0.333965
-0.306579
-0.308855
-0.32327
-0.327149
-0.295431
-0.295316
-0.303478
-0.296141
-0.306803
-0.311523
-0.273369
-0.296129
-0.302675
-0.320711
-0.334961
-0.336549
-0.290081
-0.316153
-0.334775
-0.339384
-0.313882
-0.332022
-0.341205
-0.347856
-0.360919
-0.31852
-0.353709
-0.349848
-0.323448
-0.380385
-0.390419
-0.343489
-0.356054
-0.405811
-0.398597
-0.408262
-0.365613
-0.39845
-0.393985
-0.360664
-0.423015
-0.403112
-0.394667
-0.376477
-0.383363
-0.393199
-0.346857
-0.393163
-0.373561
-0.382492
-0.36875
-0.368377
-0.383649
-0.384736
-0.361603
-0.333584
-0.36284
-0.341384
-0.363201
-0.365421
-0.358439
-0.319109
-0.35142
-0.337372
-0.323302
-0.37687
-0.384986
-0.374106
-0.369016
-0.369414
-0.356783
-0.36973
-0.370599
-0.382527
-0.353191
-0.370502
-0.349198
-0.408422
-0.356459
-0.370921
-0.342259
-0.394282
-0.362868
-0.300237
-0.361616
-0.310288
-0.345857
-0.312501
-0.351407
-0.362418
-0.365341
-0.349934
-0.355907
-0.387184
-0.392153
-0.390701
-0.40048
-0.388455
-0.397071
-0.39795
-0.41616
-0.428715
-0.412029
-0.382667
-0.387474
-0.392086
-0.389349
-0.385635
-0.376355
-0.375193
-0.383874
-0.382528
-0.366172
-0.398997
-0.395483
-0.400424
-0.365759
-0.364448
-0.400982
-0.423411
-0.338875
-0.332571
-0.383291
-0.384845
-0.394689
-0.335241
-0.355416
-0.401852
-0.403321
-0.36933
-0.405453
-0.354327
-0.432333
-0.423445
-0.433242
-0.405012
-0.375891
-0.404972
-0.386241
-0.39168
-0.41041
-0.396613
-0.370499
-0.413755
-0.402121
-0.404273
-0.382492
-0.388382
-0.363531
-0.359273
-0.37584
-0.364764
-0.354849
-0.368504
-0.343518
-0.355929
-0.374974
-0.381476
-0.367527
-0.382745
-0.386045
-0.388603
-0.391818
-0.398074
-0.388777
-0.375322
-0.373747
-0.357919
-0.351969
-0.376843
-0.394859
-0.392744
-0.405421
-0.397965
-0.371724
-0.410813
-0.402483
-0.411608
-0.385208
-0.408923
-0.420814
-0.408429
-0.384122
-0.36813
-0.40229
-0.362791
-0.366402
-0.339808
-0.354803
-0.365603
-0.332315
-0.363585
-0.367047
-0.352715
-0.371339
-0.399677
-0.390399
-0.396596
-0.363317
-0.426872
-0.400484
-0.374553
-0.363239
-0.383011
-0.387234
-0.347363
-0.355793
-0.357839
-0.348926
-0.366079
-0.340349
-0.367936
-0.388581
-0.394387
-0.368849
-0.414627
-0.444634
-0.427121
-0.428397
-0.453718
-0.431458
-0.446009
-0.438096
-0.406729
-0.387957
-0.379556
-0.410275
-0.366695
-0.359906
-0.379675
-0.35646
-0.358882
-0.355205
-0.310316
-0.361811
-0.36953
-0.294766
-0.350782
-0.350096
-0.315562
-0.331111
-0.33971
-0.334208
-0.339984
-0.354905
-0.338644
-0.332096
-0.3353
-0.302751
-0.362309
-0.359459
-0.338396
-0.362001
-0.348262
-0.358489
-0.291726
-0.383035
-0.368598
-0.281041
-0.339763
-0.361805
-0.322072
-0.338184
-0.348743
-0.307003
-0.317601
-0.337478
-0.342069
-0.360763
-0.381381
-0.347805
-0.342484
-0.369463
-0.359064
-0.351115
-0.348105
-0.358424
-0.333603
-0.322218
-0.355642
-0.339932
-0.325896
-0.341784
-0.345615
-0.345474
-0.349388
-0.373127
-0.361793
-0.341506
-0.351952
-0.360665
-0.389377
-0.380025
-0.332727
-0.341197
-0.361025
-0.368815
-0.369836
-0.354697
-0.357171
-0.356138
-0.30624
-0.348468
-0.359187
-0.36284
-0.36843
-0.325414
-0.340575
-0.360946
-0.362668
-0.360462
-0.343124
-0.316727
-0.34142
-0.344236
-0.343343
-0.322808
-0.320921
-0.329064
-0.298393
-0.333284
-0.335376
-0.293652
-0.335352
-0.373356
-0.321499
-0.297785
-0.369439
-0.385455
-0.324533
-0.367976
-0.379257
-0.370033
-0.331472
-0.362283
-0.38735
-0.351234
-0.347166
-0.348029
-0.362131
-0.382511
-0.359851
-0.328491
-0.378598
-0.37368
-0.384962
-0.374395
-0.366374
-0.39377
-0.406188
-0.371746
-0.417937
-0.405946
-0.346019
-0.387869
-0.381905
-0.389953
-0.391042
-0.389313
-0.350695
-0.371855
-0.387977
-0.385844
-0.336204
-0.349827
-0.383067
-0.354367
-0.356596
-0.384328
-0.385567
-0.388958
-0.37163
-0.345925
-0.369428
-0.370268
-0.396234
-0.359361
-0.363782
-0.356524
-0.338819
-0.363669
-0.356956
-0.356992
-0.370709
-0.320404
-0.360707
-0.414501
-0.362665
-0.389312
-0.406187
-0.424122
-0.392474
-0.370907
-0.363683
-0.402629
-0.378694
-0.386778
-0.397806
-0.334791
-0.359152
-0.381131
-0.381
-0.379614
-0.389173
-0.4023
-0.389846
-0.418995
-0.428649
-0.413142
-0.372905
-0.437905
-0.450079
-0.44331
-0.458575
-0.446248
-0.401889
-0.460991
-0.457776
-0.454411
-0.470318
-0.453444
-0.439917
-0.447935
-0.474942
-0.458418
-0.4323
-0.473156
-0.483212
-0.477763
-0.431894
-0.479408
-0.496944
-0.452438
-0.483298
-0.457603
-0.465813
-0.480744
-0.407984
-0.435594
-0.454681
-0.446185
-0.415374
-0.405958
-0.432752
-0.422203
-0.389232
-0.390107
-0.398386
-0.395438
-0.381008
-0.39062
-0.380152
-0.382916
-0.371862
-0.369535
-0.366601
-0.370885
-0.355528
-0.343792
-0.358235
-0.369349
-0.363096
-0.346563
-0.356319
-0.361591
-0.340736
-0.35706
-0.33262
-0.353609
-0.359498
-0.34578
-0.350299
-0.331526
-0.363119
-0.363308
-0.314552
-0.327638
-0.343021
-0.3366
-0.347203
-0.334608
-0.341262
-0.344274
-0.342964
-0.360539
-0.382741
-0.377746
-0.39937
-0.3897
-0.413495
-0.433832
-0.402287
-0.40695
-0.418332
-0.381355
-0.41198
-0.356038
-0.38183
-0.401148
-0.404348
-0.419657
-0.410027
-0.412449
-0.393481
-0.398367
-0.343302
-0.398117
-0.41261
-0.368137
-0.354063
-0.377314
-0.360756
-0.343639
-0.331758
-0.374587
-0.39028
-0.363607
-0.267441
-0.341509
-0.371327
-0.37206
-0.310812
-0.340667
-0.361631
-0.34941
-0.31516
-0.332588
-0.341702
-0.351773
-0.362912
-0.312068
-0.345412
-0.362462
-0.337547
-0.339849
-0.333555
-0.332254
-0.314161
-0.294428
-0.305694
-0.284659
-0.3285
-0.326126
-0.296581
-0.320775
-0.347903
-0.370783
-0.37211
-0.392521
-0.420258
-0.380641
-0.383902
-0.431273
-0.430709
-0.427806
-0.430217
-0.431125
-0.446534
-0.433491
-0.440974
-0.425742
-0.420384
-0.451789
-0.409819
-0.369595
-0.38449
-0.374411
-0.359789
-0.379458
-0.333527
-0.321601
-0.372566
-0.369814
-0.320567
-0.35365
-0.387698
-0.400297
-0.390805
-0.349244
-0.400769
-0.409576
-0.416918
-0.403078
-0.402178
-0.415253
-0.381747
-0.332604
-0.369346
-0.345613
-0.282674
-0.306238
-0.300304
-0.322214
-0.299676
-0.303283
-0.309142
-0.317804
-0.327885
-0.326813
-0.335324
-0.341595
-0.353105
-0.328262
-0.351436
-0.357891
-0.359346
-0.36261
-0.384534
-0.34213
-0.327893
-0.391308
-0.33218
-0.347528
-0.346993
-0.380864
-0.371535
-0.356413
-0.36037
-0.373075
-0.417702
-0.38992
-0.38784
-0.405298
-0.419321
-0.413609
-0.408739
-0.407631
-0.415307
-0.410975
-0.408238
-0.415356
-0.423005
-0.381522
-0.385389
-0.41261
-0.389958
-0.372069
-0.370284
-0.37322
-0.324924
-0.338495
-0.34266
-0.377643
-0.377519
-0.368207
-0.368542
-0.358452
-0.371979
-0.409683
-0.379364
-0.38382
-0.417519
-0.412624
-0.382681
-0.388675
-0.419239
-0.428072
-0.40722
-0.34117
-0.404052
-0.389129
-0.361725
-0.319178
-0.390408
-0.383254
-0.371762
-0.350876
-0.328135
-0.37047
-0.3582
-0.349576
-0.375407
-0.353287
-0.329181
-0.365552
-0.380575
-0.366081
-0.32772
-0.361923
-0.376657
-0.366019
-0.375976
-0.373633
-0.361323
-0.325687
-0.360414
-0.338573
-0.337893
-0.335955
-0.331183
-0.34653
-0.336636
-0.299868
-0.324067
-0.358157
-0.365149
-0.366666
-0.336784
-0.344687
-0.336606
-0.355312
-0.35791
-0.317236
-0.313919
-0.316856
-0.321138
-0.33039
-0.318724
-0.320354
-0.350585
-0.353878
-0.332224
-0.327863
-0.319947
-0.357106
-0.350539
-0.313666
-0.29461
-0.32476
-0.316803
-0.296377
-0.299436
-0.28231
-0.309874
-0.309034
-0.298991
-0.302375
-0.266107
-0.285998
-0.310423
-0.283187
-0.272009
-0.29324
-0.325602
-0.309528
-0.309719
-0.304835
-0.359683
-0.348225
-0.35562
-0.333921
-0.346048
-0.387494
-0.379316
-0.354009
-0.330933
-0.393218
-0.408634
-0.375116
-0.380765
-0.353404
-0.403168
-0.381185
-0.390279
-0.397254
-0.372464
-0.388529
-0.385764
-0.369186
-0.359105
-0.355685
-0.390124
-0.367424
-0.370917
-0.388411
-0.386443
-0.398225
-0.380904
-0.387504
-0.418463
-0.401262
-0.384197
-0.391321
-0.409359
-0.358118
-0.390198
-0.398739
-0.421936
-0.427548
-0.398496
-0.374412
-0.42969
-0.452979
-0.412555
-0.406806
-0.416389
-0.415503
-0.420298
-0.380114
-0.389635
-0.419562
-0.442113
-0.45592
-0.449805
-0.43964
-0.432679
-0.477294
-0.437042
-0.434729
-0.468255
-0.45616
-0.422563
-0.430871
-0.410842
-0.405553
-0.390853
-0.416142
-0.409788
-0.416406
-0.412317
-0.43517
-0.445878
-0.460817
-0.436141
-0.473073
-0.44921
-0.494327
-0.507454
-0.454383
-0.456758
-0.480603
-0.492866
-0.451663
-0.395135
-0.466637
-0.401375
-0.474483
-0.462119
-0.44829
-0.471794
-0.439518
-0.465456
-0.489127
-0.465442
-0.438294
-0.463454
-0.448973
-0.42204
-0.401314
-0.368828
-0.379787
-0.361349
-0.335954
-0.333931
-0.330383
-0.32561
-0.310774
-0.330871
-0.314824
-0.330342
-0.328923
-0.319408
-0.336097
-0.36102
-0.330286
-0.331113
-0.374735
-0.371856
-0.357888
-0.362304
-0.371294
-0.371976
-0.38172
-0.366478
-0.354118
-0.331181
-0.333048
-0.35561
-0.362992
-0.368129
-0.367604
-0.356035
-0.352179
-0.346573
-0.378726
-0.400052
-0.386847
-0.367356
-0.369086
-0.364816
-0.388822
-0.369519
-0.394511
-0.387447
-0.397918
-0.382501
-0.37768
-0.330347
-0.392375
-0.422673
-0.397668
-0.380272
-0.389315
-0.38889
-0.355589
-0.417514
-0.411792
-0.395213
-0.39407
-0.393331
-0.444758
-0.433949
-0.449023
-0.420699
-0.397224
-0.422104
-0.412569
-0.405731
-0.401024
-0.408212
-0.416353
-0.379826
-0.397885
-0.394119
-0.437344
-0.440499
-0.407188
-0.466117
-0.479555
-0.484026
-0.488982
-0.480631
-0.478959
-0.485833
-0.472841
-0.457196
-0.44571
-0.450256
-0.444341
-0.446416
-0.449862
-0.446371
-0.405372
-0.444005
-0.423616
-0.440819
-0.462138
-0.412416
-0.392464
-0.405005
-0.406672
-0.411656
-0.388815
-0.379811
-0.398967
-0.40076
-0.401009
-0.39683
-0.397436
-0.435098
-0.442439
-0.42598
-0.432325
-0.434296
-0.430696
-0.403586
-0.439781
-0.436899
-0.443677
-0.436682
-0.391415
-0.423729
-0.44795
-0.42296
-0.431793
-0.409725
-0.403771
-0.403713
-0.427099
-0.435103
-0.431444
-0.421107
-0.435884
-0.427052
-0.453353
-0.444748
-0.423283
-0.430487
-0.408691
-0.407311
-0.423606
-0.404129
-0.374303
-0.395608
-0.411001
-0.422747
-0.425869
-0.369809
-0.432006
-0.43021
-0.376847
-0.400446
-0.399731
-0.390316
-0.410288
-0.404826
-0.378368
-0.384632
-0.397577
-0.392357
-0.405379
-0.398164
-0.409806
-0.403504
-0.386057
-0.398038
-0.391356
-0.409459
-0.375128
-0.394868
-0.403644
-0.420292
-0.385975
-0.407137
-0.441673
-0.390044
-0.429269
-0.458426
-0.463319
-0.46873
-0.427523
-0.409682
-0.46895
-0.450203
-0.448605
-0.441059
-0.455627
-0.43846
-0.379102
-0.41094
-0.427639
-0.398724
-0.402477
-0.424521
-0.431405
-0.423319
-0.409596
-0.405351
-0.427423
-0.432612
-0.422407
-0.433224
-0.415648
-0.407273
-0.36449
-0.402325
-0.391698
-0.393798
-0.37824
-0.311034
-0.360415
-0.374398
-0.369271
-0.375042
-0.342696
-0.386982
-0.402784
-0.339546
-0.349021
-0.379856
-0.343568
-0.344005
-0.364583
-0.33456
-0.341104
-0.340238
-0.351862
-0.358364
-0.355977
-0.374767
-0.374403
-0.333205
-0.310904
-0.375126
-0.365279
-0.365752
-0.371825
-0.371817
-0.349565
-0.353163
-0.380595
-0.356242
-0.344899
-0.377761
-0.419582
-0.373212
-0.377336
-0.407122
-0.390557
-0.395151
-0.431436
-0.399363
-0.392486
-0.41394
-0.367359
-0.371131
-0.370411
-0.350832
-0.349856
-0.347469
-0.337439
-0.327375
-0.339795
-0.349505
-0.332178
-0.364222
-0.364922
-0.348402
-0.36958
-0.370815
-0.358021
-0.367034
-0.394527
-0.382996
-0.371398
-0.374767
-0.407637
-0.405121
-0.398928
-0.408918
-0.427723
-0.435198
-0.426669
-0.444161
-0.457641
-0.464223
-0.454992
-0.465681
-0.434235
-0.437028
-0.477166
-0.488968
-0.458051
-0.50972
-0.496431
-0.510622
-0.489461
-0.489743
-0.506158
-0.506339
-0.471667
-0.510091
-0.508921
-0.506815
-0.512488
-0.53485
-0.530462
-0.518388
-0.511551
-0.555074
-0.457663
-0.516739
-0.502822
-0.468467
-0.455971
-0.437148
-0.459156
-0.441824
-0.435793
-0.43148
-0.467142
-0.445769
-0.423897
-0.44604
-0.43794
-0.403221
