1.20017
1.20077
1.20185
1.20352
1.20592
1.20934
1.21431
1.22177
1.23352
1.25192
1.26652
1.25438
1.28463
1.32045
1.30643
1.31366
1.34451
1.35016
1.36158
1.36614
1.37385
1.38626
1.37725
1.35974
1.39016
1.39079
1.34624
1.39505
1.40048
1.40406
1.38079
1.3814
1.3846
1.38473
1.38257
1.38415
1.38497
1.34223
1.39401
1.37067
1.36694
1.37845
1.38334
1.38412
1.37738
1.37145
1.36754
1.3759
1.37265
1.36451
1.36992
1.37369
1.37813
1.39935
1.38017
1.37756
1.3692
1.37738
1.39681
1.37723
1.37987
1.39264
1.39127
1.40295
1.36157
1.37646
1.39984
1.39384
1.40501
1.3689
1.39216
1.38539
1.39336
1.38896
1.38947
1.40185
1.39684
1.39096
1.39348
1.39317
1.39353
1.37984
1.38605
1.38674
1.37683
1.38808
1.34571
1.37642
1.39091
1.40291
1.38095
1.35746
1.4039
1.38197
1.37407
1.36058
1.36507
1.37012
1.36234
1.36002
1.20349
1.208
1.21161
1.21742
1.20531
1.22247
1.24168
1.25559
1.23279
1.24037
1.26164
1.25725
1.24374
1.26894
1.26904
1.25525
1.25717
1.23951
1.24714
1.23084
1.23672
1.22564
1.24731
1.23985
1.2255
1.23815
1.25384
1.23417
1.22994
1.24779
1.2515
1.25347
1.22532
1.2394
1.22616
1.22106
1.23424
1.2359
1.21779
1.2133
1.2203
1.21597
1.2211
1.22684
1.2003
1.21675
1.21727
1.23076
1.24053
1.24324
1.21429
1.227
1.24063
1.24363
1.22973
1.2372
1.24573
1.24858
1.25965
1.22632
1.25068
1.25454
1.2341
1.27165
1.2793
1.25113
1.25132
1.28755
1.2827
1.29262
1.26017
1.28152
1.283
1.25815
1.29662
1.29049
1.28043
1.27091
1.27159
1.28175
1.2495
1.27964
1.26735
1.27261
1.26601
1.2614
1.27358
1.27457
1.26174
1.24169
1.25757
1.24713
1.25848
1.26212
1.25725
1.23562
1.24783
1.24753
1.23376
1.26671
1.20695
1.19985
1.19634
1.19602
1.18763
1.19572
1.19694
1.20387
1.19051
1.19361
1.18216
1.21985
1.19182
1.19874
1.17675
1.2121
1.19544
1.15021
1.19059
1.1536
1.18196
1.14988
1.18426
1.19171
1.18725
1.18386
1.18475
1.20784
1.21032
1.20948
1.21727
1.2052
1.21828
1.2118
1.22642
1.2354
1.2263
1.20686
1.20619
1.21166
1.20927
1.20754
1.20077
1.20069
1.20316
1.20797
1.19153
1.21491
1.21384
1.21662
1.19673
1.19094
1.21542
1.23176
1.18272
1.17238
1.20339
1.20448
1.21375
1.17917
1.18127
1.2164
1.22008
1.19472
1.22129
1.1858
1.23608
1.23159
1.23908
1.22265
1.19967
1.21937
1.20874
1.2092
1.22345
1.21574
1.19681
1.2231
1.22037
1.21769
1.2072
1.20832
1.19318
1.19158
1.19893
1.19504
1.18529
1.19553
1.18139
1.18048
1.20065
1.20336
1.19482
1.20201
1.21068
1.20602
1.21133
1.2145
1.21219
1.197
1.20269
1.18988
1.18596
1.20049
1.21421
1.21385
1.22039
1.21819
1.20176
1.2221
1.22063
1.22589
1.20823
1.22256
1.23221
1.2245
1.2114
1.18966
1.22083
1.19524
1.19627
1.17925
1.18581
1.19604
1.17512
1.19053
1.19842
1.18769
1.1942
1.21882
1.21323
1.21358
1.1978
1.23238
1.22345
1.19946
1.19524
1.20364
1.2113
1.18581
1.18684
1.19079
1.1832
1.19607
1.179
1.19443
1.20994
1.21432
1.19934
1.22359
1.24758
1.23743
1.23492
1.25437
1.23999
1.24735
1.24523
1.22407
1.21277
1.20086
1.22554
1.19976
1.18921
1.20472
1.19009
1.19002
1.18978
1.15913
1.19126
1.19906
1.15233
1.18329
1.1855
1.16329
1.17444
1.17635
1.17493
1.17713
1.18762
1.17977
1.17052
1.17761
1.15291
1.18876
1.19336
1.17992
1.19094
1.1843
1.19073
1.14928
1.20365
1.19953
1.14507
1.17337
1.19283
1.17168
1.17306
1.18461
1.15803
1.16421
1.17535
1.17921
1.19051
1.20504
1.18842
1.17598
1.19804
1.19112
1.18809
1.18071
1.19143
1.17473
1.16702
1.18745
1.17974
1.16845
1.17801
1.18307
1.18201
1.18236
1.20033
1.19386
1.17952
1.18686
1.18848
1.21048
1.20753
1.17212
1.18343
1.18874
1.19754
1.19852
1.18831
1.19019
1.18941
1.1599
1.17826
1.19333
1.19018
1.19979
1.16789
1.17723
1.19128
1.19377
1.19184
1.18329
1.16024
1.17882
1.18096
1.18104
1.16834
1.16433
1.17181
1.15095
1.17224
1.17544
1.15342
1.16871
1.20022
1.17404
1.14284
1.19411
1.20995
1.17003
1.19501
1.20365
1.19898
1.17436
1.18861
1.2108
1.18802
1.18301
1.1825
1.18937
1.20671
1.19423
1.16772
1.20313
1.20063
1.20733
1.20289
1.19531
1.20996
1.22512
1.1978
1.22688
1.22741
1.17906
1.20995
1.20651
1.21057
1.21225
1.21168
1.19032
1.19524
1.20927
1.21021
1.17867
1.18026
1.20701
1.19118
1.1865
1.20624
1.20925
1.21054
1.20165
1.18122
1.20075
1.19472
1.21527
1.1939
1.19398
1.19055
1.17123
1.19424
1.18975
1.19023
1.19594
1.17703
1.18617
1.22741
1.19766
1.20892
1.22047
1.23462
1.21567
1.20061
1.19045
1.21878
1.20651
1.2072
1.21876
1.17739
1.1889
1.20559
1.20557
1.20437
1.21072
1.21772
1.21419
1.2269
1.23957
1.22675
1.19785
1.24022
1.25213
1.24665
1.25663
1.25036
1.22191
1.25348
1.2601
1.25182
1.2653
1.25625
1.24127
1.24174
1.26936
1.25902
1.23445
1.26937
1.27369
1.26966
1.24738
1.26344
1.28589
1.25345
1.27259
1.2605
1.25921
1.27441
1.2246
1.24213
1.25212
1.25125
1.23027
1.22072
1.23908
1.23489
1.21261
1.21118
1.21667
1.21617
1.20588
1.21146
1.20581
1.20631
1.20162
1.19563
1.19848
1.19678
1.19213
1.18047
1.1888
1.19773
1.19468
1.18292
1.18845
1.19271
1.1792
1.19027
1.1741
1.18514
1.1924
1.18233
1.18526
1.17182
1.19182
1.19537
1.1649
1.16725
1.18197
1.17367
1.18327
1.17532
1.17816
1.18139
1.17983
1.19024
1.20591
1.20336
1.21713
1.21139
1.22827
1.23781
1.22361
1.22139
1.22997
1.20948
1.22713
1.19251
1.20378
1.21727
1.22166
1.22979
1.22594
1.22736
1.21413
1.21874
1.17951
1.21483
1.22707
1.20074
1.18566
1.20312
1.19279
1.18325
1.1705
1.19863
1.21186
1.19866
1.12719
1.17758
1.19745
1.20124
1.16292
1.17569
1.19166
1.18944
1.15559
1.1712
1.18088
1.18401
1.19364
1.16729
1.17837
1.19332
1.17837
1.17798
1.17469
1.1726
1.16288
1.14433
1.15834
1.14276
1.16815
1.17094
1.14643
1.16467
1.1813
1.19835
1.19929
1.21072
1.23093
1.21233
1.20127
1.23803
1.23948
1.23572
1.23854
1.23866
1.24818
1.24328
1.24566
1.2374
1.22864
1.25264
1.22717
1.20455
1.21015
1.20197
1.19081
1.20388
1.18096
1.16068
1.19922
1.19914
1.16734
1.18474
1.2085
1.21808
1.21399
1.18478
1.21752
1.22252
1.23119
1.21922
1.22154
1.22827
1.20826
1.17432
1.19702
1.18518
1.14487
1.15464
1.14878
1.16691
1.15289
1.15282
1.15762
1.16247
1.17005
1.16931
1.17465
1.17956
1.18641
1.17287
1.18242
1.18851
1.19266
1.19094
1.20786
1.18442
1.16755
1.21126
1.1797
1.18099
1.18168
1.20479
1.20046
1.18922
1.1923
1.19651
1.22902
1.21465
1.20896
1.22017
1.23097
1.22783
1.22408
1.22349
1.22718
1.22885
1.22127
1.22831
1.23439
1.20877
1.20492
1.22713
1.21288
1.20012
1.19865
1.20218
1.17004
1.17396
1.17932
1.20185
1.20428
1.19638
1.19891
1.19047
1.19631
1.22515
1.20665
1.20505
1.22868
1.2269
1.21169
1.20756
1.22902
1.23703
1.22622
1.17892
1.21735
1.21734
1.19549
1.16213
1.20928
1.20818
1.20048
1.18644
1.16809
1.19779
1.19141
1.1851
1.20054
1.1903
1.17084
1.19167
1.20709
1.1935
1.17043
1.19394
1.20077
1.19595
1.20187
1.20128
1.19442
1.16646
1.18946
1.18081
1.17701
1.17554
1.17245
1.18157
1.17849
1.15023
1.16505
1.18955
1.19445
1.19709
1.17711
1.18089
1.17632
1.18704
1.19078
1.16752
1.15976
1.16443
1.16408
1.17164
1.16576
1.16231
1.18438
1.18861
1.17354
1.17179
1.16322
1.18842
1.18667
1.16357
1.14739
1.16706
1.16426
1.15021
1.15147
1.13995
1.15671
1.15821
1.15151
1.15312
1.13324
1.13652
1.15858
1.14387
1.13635
1.14458
1.16682
1.16115
1.1582
1.14832
1.19136
1.18332
1.18922
1.17596
1.17742
1.20956
1.20507
1.19112
1.16827
1.21257
1.22322
1.20443
1.20591
1.18636
1.22005
1.20773
1.21028
1.21598
1.20221
1.20845
1.21072
1.19749
1.19221
1.18662
1.21088
1.19943
1.19552
1.21071
1.20885
1.21641
1.20733
1.20741
1.2301
1.22052
1.20843
1.21029
1.2249
1.19444
1.20906
1.21653
1.2317
1.23698
1.21822
1.2029
1.23293
1.25421
1.22951
1.2222
1.22847
1.22893
1.23118
1.20978
1.20865
1.22925
1.24535
1.25474
1.25233
1.24658
1.23444
1.27142
1.24381
1.23873
1.26234
1.25844
1.23401
1.23949
1.22106
1.22718
1.20796
1.22948
1.22328
1.22958
1.22606
1.24008
1.24741
1.25912
1.24231
1.26146
1.25689
1.27775
1.28995
1.25458
1.25631
1.2706
1.28203
1.25663
1.20907
1.26023
1.22849
1.26053
1.25907
1.25386
1.26248
1.24659
1.25832
1.2777
1.26454
1.24313
1.25984
1.25124
1.23663
1.22086
1.19533
1.20459
1.19526
1.1749
1.17464
1.17333
1.16768
1.15936
1.17189
1.16195
1.17099
1.1713
1.16507
1.17336
1.19135
1.17745
1.16358
1.20135
1.20027
1.18954
1.1924
1.19898
1.19918
1.20566
1.19881
1.18412
1.17946
1.16848
1.19121
1.18842
1.19804
1.19647
1.18874
1.18714
1.18145
1.20182
1.21763
1.21169
1.19558
1.19878
1.19192
1.21158
1.19732
1.21338
1.21007
1.21739
1.20658
1.20498
1.17979
1.2059
1.23396
1.218
1.20128
1.21641
1.20667
1.19108
1.22579
1.2287
1.21147
1.21797
1.20392
1.24887
1.24055
1.24971
1.2362
1.21509
1.2323
1.22707
1.22225
1.21896
1.2222
1.23016
1.20516
1.21723
1.21092
1.24051
1.24769
1.22139
1.25938
1.27076
1.27319
1.27711
1.27634
1.26628
1.27759
1.26721
1.25705
1.24929
1.2481
1.25209
1.24685
1.25086
1.25111
1.22007
1.24759
1.23676
1.23938
1.26047
1.23191
1.20927
1.22349
1.22337
1.22522
1.21271
1.20454
1.21671
1.21865
1.21894
1.2162
1.21528
1.2398
1.24678
1.23685
1.23953
1.24021
1.23927
1.22457
1.24217
1.24313
1.2468
1.24381
1.21405
1.23075
1.25169
1.23355
1.23943
1.22743
1.2198
1.21938
1.23608
1.24059
1.24077
1.23098
1.24203
1.23657
1.25295
1.24932
1.23517
1.23863
1.22363
1.22365
1.23347
1.22241
1.20352
1.2123
1.22538
1.23213
1.2381
1.19391
1.23869
1.23946
1.20368
1.21744
1.22007
1.20712
1.22506
1.22236
1.20534
1.20657
1.21669
1.21209
1.22177
1.21738
1.22303
1.22353
1.2053
1.21875
1.21031
1.22447
1.20482
1.21329
1.21849
1.23196
1.21197
1.21803
1.24624
1.21653
1.23172
1.25779
1.25807
1.26525
1.23965
1.2215
1.26199
1.25198
1.25209
1.24347
1.25571
1.24676
1.20796
1.22227
1.23765
1.21797
1.21827
1.23389
1.23871
1.23443
1.22603
1.22064
1.23554
1.23912
1.23317
1.24042
1.2295
1.22582
1.19105
1.21982
1.21351
1.21337
1.20653
1.16106
1.18836
1.20215
1.19552
1.20298
1.18115
1.20555
1.22136
1.1812
1.18108
1.20344
1.18556
1.17747
1.19548
1.17598
1.17831
1.1785
1.18463
1.19106
1.1879
1.20034
1.20226
1.1775
1.15447
1.19951
1.19633
1.19478
1.19929
1.19957
1.18745
1.18404
1.20441
1.19168
1.18685
1.19221
1.23172
1.20609
1.19775
1.22309
1.21374
1.21233
1.23862
1.21792
1.21404
1.22654
1.20068
1.19878
1.19798
1.18795
1.18394
1.18376
1.17728
1.16992
1.17709
1.1841
1.17295
1.1921
1.19604
1.18485
1.19822
1.19835
1.19136
1.19401
1.21366
1.20916
1.19925
1.19889
1.22246
1.22203
1.21897
1.21831
1.23678
1.242
1.23572
1.24656
1.256
1.26089
1.25482
1.26209
1.24347
1.24131
1.26706
1.27797
1.25756
1.28883
1.2825
1.29208
1.27858
1.27757
1.28784
1.28997
1.26441
1.2914
1.2909
1.29026
1.29025
1.30791
1.30544
1.29757
1.29077
1.32244
1.26004
1.29286
1.28911
1.26615
1.25608
1.24179
1.25744
1.24727
1.24229
1.23577
1.2635
1.24737
1.23684
1.24363
1.24641
1.21342
