1.80026
1.80115
1.80278
1.80527
1.80887
1.81401
1.82146
1.83266
1.85028
1.87787
1.89978
1.88157
1.92694
1.98067
1.95965
1.97049
2.01677
2.02524
2.04236
2.04921
2.06078
2.0794
2.06588
2.03961
2.08523
2.08618
2.01937
2.09257
2.10072
2.10609
2.07118
2.0721
2.0769
2.07709
2.07386
2.07622
2.07746
2.01334
2.09102
2.05601
2.05041
2.06768
2.07501
2.07618
2.06607
2.05718
2.05132
2.06386
2.05897
2.04677
2.05488
2.06053
2.0672
2.09902
2.07025
2.06634
2.05381
2.06607
2.09522
2.06585
2.06981
2.08895
2.08691
2.10442
2.04235
2.06469
2.09976
2.09076
2.10752
2.05335
2.08825
2.07808
2.09003
2.08344
2.08421
2.10277
2.09526
2.08644
2.09021
2.08976
2.09029
2.06975
2.07907
2.0801
2.06524
2.08212
2.01856
2.06463
2.08636
2.10436
2.07143
2.03619
2.10585
2.07296
2.06111
2.04087
2.0476
2.05518
2.04352
2.04003
1.80523
1.812
1.81742
1.82614
1.80797
1.8337
1.86251
1.88338
1.84918
1.86055
1.89247
1.88588
1.8656
1.90341
1.90356
1.88288
1.88575
1.85926
1.87072
1.84625
1.85509
1.83847
1.87096
1.85977
1.83826
1.85723
1.88076
1.85125
1.84492
1.87168
1.87726
1.8802
1.83798
1.8591
1.83924
1.83159
1.85137
1.85385
1.82669
1.81995
1.83045
1.82396
1.83165
1.84027
1.80045
1.82512
1.8259
1.84615
1.86079
1.86486
1.82144
1.84049
1.86094
1.86545
1.84459
1.85581
1.86859
1.87287
1.88947
1.83947
1.87602
1.88181
1.85115
1.90747
1.91895
1.8767
1.87699
1.93132
1.92405
1.93893
1.89026
1.92227
1.9245
1.88722
1.94493
1.93573
1.92065
1.90637
1.90739
1.92263
1.87424
1.91947
1.90103
1.90891
1.89902
1.89211
1.91037
1.91186
1.8926
1.86254
1.88635
1.8707
1.88772
1.89318
1.88588
1.85343
1.87174
1.87129
1.85064
1.90006
1.81043
1.79977
1.79452
1.79402
1.78144
1.79358
1.79542
1.8058
1.78577
1.79042
1.77324
1.82978
1.78773
1.79812
1.76513
1.81815
1.79316
1.72531
1.78589
1.73039
1.77294
1.72482
1.77639
1.78757
1.78088
1.77579
1.77712
1.81175
1.81548
1.81422
1.8259
1.8078
1.82741
1.81769
1.83962
1.85309
1.83944
1.81028
1.80928
1.81749
1.81391
1.81131
1.80116
1.80103
1.80475
1.81196
1.7873
1.82236
1.82076
1.82493
1.7951
1.78642
1.82312
1.84765
1.77408
1.75858
1.80509
1.80673
1.82063
1.76875
1.7719
1.8246
1.83013
1.79208
1.83194
1.77869
1.85413
1.84739
1.85862
1.83397
1.79951
1.82905
1.81311
1.81379
1.83517
1.82361
1.79521
1.83465
1.83056
1.82654
1.8108
1.81248
1.78977
1.78738
1.79839
1.79255
1.77794
1.79329
1.77209
1.77073
1.80098
1.80504
1.79223
1.80301
1.81602
1.80903
1.817
1.82175
1.81829
1.7955
1.80404
1.78483
1.77894
1.80073
1.82131
1.82078
1.83058
1.82729
1.80264
1.83314
1.83095
1.83883
1.81235
1.83384
1.84832
1.83675
1.8171
1.78448
1.83125
1.79286
1.7944
1.76888
1.77871
1.79407
1.76268
1.7858
1.79762
1.78154
1.7913
1.82824
1.81984
1.82037
1.7967
1.84856
1.83518
1.79919
1.79286
1.80546
1.81694
1.77871
1.78026
1.78619
1.7748
1.79411
1.7685
1.79165
1.81491
1.82148
1.79901
1.83539
1.87137
1.85614
1.85238
1.88155
1.85999
1.87102
1.86784
1.83611
1.81916
1.80129
1.83831
1.79964
1.78382
1.80708
1.78513
1.78503
1.78467
1.73869
1.78689
1.79858
1.7285
1.77493
1.77825
1.74494
1.76165
1.76452
1.7624
1.7657
1.78143
1.76965
1.75579
1.76641
1.72937
1.78313
1.79004
1.76988
1.78641
1.77646
1.7861
1.72391
1.80548
1.7993
1.71761
1.76005
1.78924
1.75753
1.75958
1.77692
1.73704
1.74631
1.76303
1.76881
1.78577
1.80756
1.78263
1.76397
1.79706
1.78668
1.78213
1.77107
1.78714
1.7621
1.75053
1.78117
1.76961
1.75268
1.76702
1.77461
1.77301
1.77354
1.80049
1.79079
1.76928
1.78028
1.78272
1.81573
1.81129
1.75818
1.77515
1.78311
1.79631
1.79778
1.78246
1.78528
1.78411
1.73985
1.76739
1.79
1.78527
1.79968
1.75183
1.76584
1.78692
1.79065
1.78777
1.77494
1.74037
1.76823
1.77144
1.77156
1.75251
1.74649
1.75771
1.72642
1.75837
1.76316
1.73014
1.75306
1.80032
1.76105
1.71426
1.79116
1.81492
1.75505
1.79251
1.80547
1.79847
1.76154
1.78292
1.81621
1.78203
1.77452
1.77374
1.78406
1.81006
1.79134
1.75158
1.80469
1.80094
1.811
1.80434
1.79297
1.81494
1.83769
1.7967
1.84031
1.84112
1.76859
1.81493
1.80977
1.81586
1.81837
1.81751
1.78548
1.79286
1.8139
1.81531
1.768
1.77039
1.81052
1.78677
1.77974
1.80936
1.81388
1.81581
1.80248
1.77183
1.80112
1.79207
1.8229
1.79085
1.79097
1.78583
1.75685
1.79137
1.78463
1.78535
1.79391
1.76554
1.77925
1.84112
1.79649
1.81338
1.8307
1.85193
1.82351
1.80091
1.78567
1.82817
1.80976
1.81079
1.82814
1.76609
1.78334
1.80838
1.80835
1.80656
1.81608
1.82659
1.82129
1.84035
1.85935
1.84012
1.79678
1.86032
1.87819
1.86998
1.88494
1.87555
1.83287
1.88022
1.89015
1.87773
1.89795
1.88437
1.86191
1.86262
1.90404
1.88852
1.85167
1.90406
1.91053
1.90449
1.87107
1.89516
1.92884
1.88018
1.90889
1.89075
1.88882
1.91161
1.83691
1.86319
1.87819
1.87688
1.8454
1.83108
1.85862
1.85233
1.81892
1.81677
1.82501
1.82425
1.80881
1.81719
1.80872
1.80947
1.80243
1.79345
1.79771
1.79517
1.7882
1.7707
1.78319
1.79659
1.79202
1.77438
1.78268
1.78906
1.7688
1.78541
1.76116
1.7777
1.7886
1.7735
1.77789
1.75773
1.78773
1.79305
1.74735
1.75088
1.77295
1.7605
1.77491
1.76298
1.76724
1.77208
1.76974
1.78536
1.80886
1.80504
1.8257
1.81708
1.8424
1.85671
1.83541
1.83208
1.84495
1.81423
1.84069
1.78877
1.80567
1.82591
1.83249
1.84469
1.83891
1.84105
1.8212
1.82811
1.76927
1.82225
1.84061
1.80111
1.77849
1.80468
1.78918
1.77488
1.75575
1.79794
1.81779
1.798
1.69078
1.76637
1.79618
1.80186
1.74438
1.76354
1.7875
1.78416
1.73338
1.7568
1.77132
1.77601
1.79046
1.75093
1.76755
1.78998
1.76756
1.76697
1.76204
1.75891
1.74432
1.71649
1.73751
1.71413
1.75223
1.75641
1.71964
1.74701
1.77194
1.79752
1.79893
1.81608
1.8464
1.8185
1.8019
1.85705
1.85921
1.85359
1.85782
1.85799
1.87227
1.86493
1.86849
1.85611
1.84296
1.87896
1.84076
1.80683
1.81523
1.80296
1.78622
1.80583
1.77144
1.74102
1.79883
1.79871
1.751
1.77711
1.81274
1.82712
1.82098
1.77718
1.82629
1.83378
1.84679
1.82883
1.83231
1.8424
1.81239
1.76148
1.79554
1.77777
1.71731
1.73196
1.72317
1.75037
1.72934
1.72924
1.73643
1.74371
1.75507
1.75396
1.76198
1.76934
1.77962
1.7593
1.77364
1.78277
1.78899
1.78641
1.81179
1.77664
1.75132
1.81688
1.76955
1.77148
1.77252
1.80718
1.80069
1.78383
1.78845
1.79476
1.84354
1.82197
1.81345
1.83025
1.84645
1.84174
1.83611
1.83524
1.84077
1.84328
1.8319
1.84246
1.85158
1.81316
1.80738
1.8407
1.81932
1.80018
1.79798
1.80326
1.75506
1.76094
1.76899
1.80277
1.80642
1.79457
1.79836
1.78571
1.79446
1.83772
1.80998
1.80758
1.84301
1.84035
1.81753
1.81134
1.84353
1.85555
1.83933
1.76838
1.82603
1.826
1.79323
1.7432
1.81392
1.81228
1.80072
1.77966
1.75214
1.79669
1.78712
1.77764
1.80081
1.78544
1.75625
1.7875
1.81063
1.79025
1.75564
1.79091
1.80115
1.79392
1.8028
1.80193
1.79164
1.74969
1.78419
1.77122
1.76551
1.76332
1.75867
1.77236
1.76773
1.72535
1.74758
1.78433
1.79167
1.79563
1.76567
1.77134
1.76448
1.78057
1.78618
1.75128
1.73964
1.74664
1.74611
1.75746
1.74863
1.74346
1.77656
1.78292
1.76032
1.75768
1.74483
1.78263
1.78001
1.74536
1.72109
1.75059
1.74639
1.72532
1.7272
1.70993
1.73506
1.73732
1.72726
1.72968
1.69987
1.70479
1.73788
1.71581
1.70453
1.71687
1.75023
1.74173
1.7373
1.72249
1.78705
1.77499
1.78384
1.76394
1.76614
1.81433
1.8076
1.78667
1.75241
1.81885
1.83484
1.80665
1.80887
1.77954
1.83008
1.8116
1.81542
1.82397
1.80331
1.81267
1.81609
1.79624
1.78831
1.77994
1.81632
1.79914
1.79328
1.81607
1.81327
1.82461
1.811
1.81112
1.84515
1.83078
1.81265
1.81543
1.83735
1.79166
1.81359
1.82479
1.84756
1.85548
1.82733
1.80436
1.8494
1.88131
1.84427
1.8333
1.84271
1.8434
1.84677
1.81467
1.81297
1.84388
1.86803
1.88212
1.87849
1.86987
1.85166
1.90714
1.86571
1.85809
1.89351
1.88766
1.85102
1.85923
1.83159
1.84077
1.81194
1.84422
1.83492
1.84437
1.83909
1.86012
1.87111
1.88867
1.86347
1.89219
1.88534
1.91662
1.93492
1.88187
1.88447
1.9059
1.92304
1.88495
1.81361
1.89034
1.84273
1.89079
1.8886
1.8808
1.89372
1.86988
1.88749
1.91656
1.89681
1.86469
1.88976
1.87687
1.85494
1.83129
1.79299
1.80688
1.79289
1.76235
1.76196
1.76
1.75153
1.73903
1.75784
1.74293
1.75649
1.75695
1.74761
1.76004
1.78702
1.76618
1.74537
1.80202
1.80041
1.7843
1.7886
1.79847
1.79877
1.80849
1.79821
1.77619
1.7692
1.75272
1.78682
1.78264
1.79706
1.7947
1.78311
1.78071
1.77218
1.80273
1.82644
1.81753
1.79337
1.79817
1.78787
1.81738
1.79598
1.82006
1.8151
1.82608
1.80987
1.80747
1.76969
1.80885
1.85094
1.827
1.80193
1.82462
1.81001
1.78663
1.83869
1.84305
1.8172
1.82695
1.80588
1.87331
1.86083
1.87456
1.8543
1.82263
1.84845
1.8406
1.83337
1.82844
1.83329
1.84524
1.80775
1.82585
1.81638
1.86077
1.87153
1.83209
1.88907
1.90614
1.90979
1.91567
1.91452
1.89942
1.91639
1.90082
1.88558
1.87393
1.87214
1.87814
1.87027
1.87629
1.87667
1.83011
1.87138
1.85514
1.85907
1.8907
1.84786
1.8139
1.83523
1.83506
1.83782
1.81907
1.80681
1.82507
1.82797
1.82841
1.8243
1.82291
1.85971
1.87018
1.85527
1.85929
1.86031
1.8589
1.83685
1.86326
1.8647
1.87019
1.86571
1.82108
1.84612
1.87754
1.85032
1.85915
1.84114
1.82971
1.82907
1.85412
1.86089
1.86115
1.84647
1.86304
1.85486
1.87943
1.87397
1.85276
1.85795
1.83544
1.83547
1.85021
1.83362
1.80528
1.81846
1.83807
1.8482
1.85715
1.79086
1.85804
1.85919
1.80552
1.82616
1.8301
1.81068
1.83759
1.83354
1.808
1.80986
1.82503
1.81813
1.83265
1.82607
1.83454
1.83529
1.80795
1.82813
1.81546
1.83671
1.80724
1.81994
1.82773
1.84794
1.81795
1.82704
1.86936
1.8248
1.84758
1.88668
1.88711
1.89788
1.85947
1.83225
1.89299
1.87797
1.87814
1.86521
1.88357
1.87014
1.81194
1.83341
1.85647
1.82696
1.8274
1.85083
1.85807
1.85165
1.83905
1.83097
1.85331
1.85868
1.84975
1.86063
1.84426
1.83873
1.78657
1.82973
1.82026
1.82005
1.80979
1.74158
1.78255
1.80322
1.79328
1.80447
1.77172
1.80833
1.83204
1.7718
1.77162
1.80517
1.77834
1.76621
1.79322
1.76397
1.76747
1.76775
1.77694
1.78659
1.78185
1.80052
1.80339
1.76625
1.73171
1.79927
1.79449
1.79217
1.79894
1.79935
1.78118
1.77606
1.80661
1.78752
1.78028
1.78832
1.84758
1.80913
1.79662
1.83464
1.8206
1.8185
1.85793
1.82689
1.82106
1.83981
1.80102
1.79818
1.79697
1.78192
1.77591
1.77564
1.76593
1.75488
1.76564
1.77614
1.75942
1.78815
1.79406
1.77728
1.79734
1.79753
1.78704
1.79101
1.82049
1.81374
1.79887
1.79833
1.83369
1.83305
1.82846
1.82746
1.85517
1.863
1.85359
1.86984
1.88401
1.89133
1.88224
1.89314
1.8652
1.86197
1.90059
1.91696
1.88635
1.93325
1.92375
1.93812
1.91787
1.91636
1.93177
1.93496
1.89662
1.9371
1.93635
1.93539
1.93538
1.96187
1.95816
1.94636
1.93615
1.98366
1.89006
1.93929
1.93366
1.89922
1.88413
1.86269
1.88616
1.87091
1.86344
1.85365
1.89525
1.87105
1.85525
1.86545
1.86961
1.82014
